2	0	4	0	11	0	100.000000	100.000000	0.000000	0	0	0	X 
3	0	9	0	22	0	100.000000	100.000000	0.000000	0	0	0	X 
4	0	7	0	21	0	100.000000	100.000000	0.000000	0	0	0	X 
5	0	8	0	23	0	100.000000	100.000000	0.000000	0	0	0	X 
6	0	5	0	7	0	300.000000	400.000000	0.000000	0	0	0	X 
7	0	6	0	2	0	300.000000	400.000000	0.000000	0	0	0	X 
8	0	10	0	6	0	300.000000	400.000000	0.000000	0	0	0	X 
9	0	11	0	3	0	300.000000	400.000000	0.000000	0	0	0	X 
46	4	29	1	0	0	0.000000	0.000000	1.500000	0	0	0	X 
47	4	30	2	0	0	0.000000	0.000000	1.250000	0	0	0	X 
58	0	36	0	16	0	100.000000	100.000000	0.000000	0	0	0	X 
59	0	37	0	15	0	100.000000	100.000000	0.000000	0	0	0	X 
60	0	38	0	12	0	100.000000	100.000000	0.000000	0	0	0	X 
61	0	39	0	20	0	100.000000	100.000000	0.000000	0	0	0	X 
62	0	40	0	17	0	100.000000	100.000000	0.000000	0	0	0	X 
63	0	41	0	18	0	100.000000	100.000000	0.000000	0	0	0	X 
64	0	42	0	19	0	100.000000	100.000000	0.000000	0	0	0	X 
65	0	43	0	14	0	100.000000	100.000000	0.000000	0	0	0	X 
66	0	44	0	26	0	100.000000	100.000000	0.000000	0	0	0	X 
67	0	45	0	24	0	100.000000	100.000000	0.000000	0	0	0	X 
68	0	46	0	25	0	100.000000	100.000000	0.000000	0	0	0	X 
69	2	47	0	0	0	300.000000	300.000000	0.000000	0	0	0	X 
70	0	48	0	28	0	100.000000	100.000000	0.000000	0	0	0	X 
71	0	49	0	29	0	100.000000	100.000000	0.000000	0	0	0	X 
73	0	42	0	13	0	50.000000	50.000000	0.000000	0	0	0	X 
75	12	52	0	0	0	0.000000	0.000000	0.000000	0	0	0	X 
76	12	53	0	0	0	0.000000	0.000000	0.000000	0	0	0	X 
77	12	54	0	0	0	0.000000	0.000000	0.000000	0	0	0	X 
78	12	55	0	0	0	0.000000	0.000000	0.000000	0	0	0	X 
79	12	56	0	0	0	0.000000	0.000000	0.000000	0	0	0	X 
80	12	57	0	0	0	0.000000	0.000000	0.000000	0	0	0	X 
81	12	58	0	0	0	0.000000	0.000000	0.000000	0	0	0	X 
82	12	59	0	0	0	0.000000	0.000000	0.000000	0	0	0	X 
83	12	60	0	0	0	0.000000	0.000000	0.000000	0	0	0	X 
84	12	61	0	0	0	0.000000	0.000000	0.000000	0	0	0	X 
85	12	62	0	0	0	0.000000	0.000000	0.000000	0	0	0	X 
86	5	63	1	0	0	150.000000	150.000000	0.000000	6	0	0	X 
87	5	64	1	0	0	150.000000	150.000000	0.000000	2	0	0	X 
88	5	65	1	0	0	150.000000	150.000000	0.000000	5	0	0	X 
89	5	66	1	0	0	150.000000	150.000000	0.000000	8	0	0	X 
90	5	67	1	0	0	150.000000	150.000000	0.000000	4	0	0	X 
91	5	68	1	0	0	150.000000	150.000000	0.000000	14	0	0	X 
92	5	69	1	0	0	150.000000	150.000000	0.000000	10	0	0	X 
93	5	70	1	0	0	150.000000	150.000000	0.000000	9	0	0	X 
94	5	71	1	0	0	150.000000	150.000000	0.000000	13	0	0	X 
95	5	72	1	0	0	150.000000	150.000000	0.000000	11	0	0	X 
96	5	73	1	0	0	150.000000	150.000000	0.000000	12	0	0	X 
97	5	74	1	0	0	150.000000	150.000000	0.000000	3	0	0	X 
98	5	75	1	0	0	150.000000	150.000000	0.000000	7	0	0	X 
99	6	76	1	0	0	100.000000	100.000000	0.000000	0	7	0	X 
100	7	77	1	0	0	100.000000	100.000000	0.000000	0	7	0	X 
101	1	78	1	0	0	100.000000	100.000000	0.000000	0	0	0	X 
102	8	79	1	0	0	0.000000	0.000000	2.000000	0	0	824	X 
103	4	80	2	0	0	0.000000	0.000000	1.300000	0	0	0	X 
123	0	100	0	1	0	300.000000	400.000000	0.000000	0	0	0	X 
124	0	101	0	7	0	300.000000	400.000000	0.000000	0	0	0	X 
125	0	102	0	6	0	300.000000	400.000000	0.000000	0	0	0	X 
126	0	103	0	10	0	300.000000	400.000000	0.000000	0	0	0	X 
127	0	104	0	9	0	300.000000	400.000000	0.000000	0	0	0	X 
128	0	105	0	8	0	300.000000	400.000000	0.000000	0	0	0	X 
129	0	106	0	3	0	300.000000	400.000000	0.000000	0	0	0	X 
130	0	107	0	4	0	300.000000	400.000000	0.000000	0	0	0	X 
131	0	108	0	1	0	300.000000	400.000000	0.000000	0	0	0	X 
138	0	114	0	1	0	300.000000	400.000000	0.000000	0	0	0	X 
139	0	115	0	2	0	300.000000	400.000000	0.000000	0	0	0	X 
140	0	116	0	7	0	300.000000	400.000000	0.000000	0	0	0	X 
141	0	117	0	8	0	300.000000	400.000000	0.000000	0	0	0	X 
142	0	118	0	10	0	300.000000	400.000000	0.000000	0	0	0	X 
143	0	119	0	4	0	300.000000	400.000000	0.000000	0	0	0	X 
144	0	120	0	7	0	300.000000	400.000000	0.000000	0	0	0	X 
145	0	121	0	8	0	300.000000	400.000000	0.000000	0	0	0	X 
146	0	122	0	10	0	300.000000	400.000000	0.000000	0	0	0	X 
147	0	123	0	1	0	300.000000	400.000000	0.000000	0	0	0	X 
148	0	124	0	2	0	300.000000	400.000000	0.000000	0	0	0	X 
149	0	125	0	4	0	300.000000	400.000000	0.000000	0	0	0	X 
150	0	126	0	8	0	300.000000	400.000000	0.000000	0	0	0	X 
151	0	127	0	9	0	300.000000	400.000000	0.000000	0	0	0	X 
152	0	128	0	3	0	300.000000	400.000000	0.000000	0	0	0	X 
153	0	129	0	10	0	300.000000	400.000000	0.000000	0	0	0	X 
154	0	130	0	7	0	300.000000	400.000000	0.000000	0	0	0	X 
155	0	131	0	10	0	300.000000	400.000000	0.000000	0	0	0	X 
156	0	132	0	2	0	300.000000	400.000000	0.000000	0	0	0	X 
157	0	133	0	10	0	300.000000	400.000000	0.000000	0	0	0	X 
158	0	134	0	9	0	300.000000	400.000000	0.000000	0	0	0	X 
159	0	135	0	3	0	300.000000	400.000000	0.000000	0	0	0	X 
160	0	136	0	4	0	300.000000	400.000000	0.000000	0	0	0	X 
161	0	137	0	7	0	300.000000	400.000000	0.000000	0	0	0	X 
162	0	138	0	10	0	300.000000	400.000000	0.000000	0	0	0	X 
163	0	139	0	10	0	300.000000	400.000000	0.000000	0	0	0	X 
164	0	140	0	1	0	300.000000	400.000000	0.000000	0	0	0	X 
165	0	141	0	2	0	300.000000	400.000000	0.000000	0	0	0	X 
166	0	142	0	3	0	300.000000	400.000000	0.000000	0	0	0	X 
167	0	143	0	6	0	300.000000	400.000000	0.000000	0	0	0	X 
168	0	144	0	9	0	300.000000	400.000000	0.000000	0	0	0	X 
169	0	145	0	4	0	300.000000	400.000000	0.000000	0	0	0	X 
170	0	146	0	10	0	300.000000	400.000000	0.000000	0	0	0	X 
171	0	147	0	8	0	300.000000	400.000000	0.000000	0	0	0	X 
172	0	148	0	4	0	300.000000	400.000000	0.000000	0	0	0	X 
173	0	149	0	10	0	300.000000	400.000000	0.000000	0	0	0	X 
174	0	150	0	7	0	300.000000	400.000000	0.000000	0	0	0	X 
175	0	151	0	9	0	300.000000	400.000000	0.000000	0	0	0	X 
176	0	152	0	10	0	300.000000	400.000000	0.000000	0	0	0	X 
177	0	153	0	10	0	300.000000	400.000000	0.000000	0	0	0	X 
178	0	154	0	7	0	300.000000	400.000000	0.000000	0	0	0	X 
179	0	155	0	8	0	300.000000	400.000000	0.000000	0	0	0	X 
180	0	156	0	6	0	300.000000	400.000000	0.000000	0	0	0	X 
181	0	157	0	9	0	300.000000	400.000000	0.000000	0	0	0	X 
182	0	158	0	10	0	300.000000	400.000000	0.000000	0	0	0	X 
183	0	159	0	2	0	300.000000	400.000000	0.000000	0	0	0	X 
184	0	160	0	6	0	300.000000	400.000000	0.000000	0	0	0	X 
185	0	161	0	7	0	300.000000	400.000000	0.000000	0	0	0	X 
186	0	162	0	10	0	300.000000	400.000000	0.000000	0	0	0	X 
187	0	163	0	1	0	300.000000	400.000000	0.000000	0	0	0	X 
188	0	164	0	2	0	300.000000	400.000000	0.000000	0	0	0	X 
189	0	165	0	6	0	300.000000	400.000000	0.000000	0	0	0	X 
190	0	166	0	8	0	300.000000	400.000000	0.000000	0	0	0	X 
191	0	167	0	9	0	300.000000	400.000000	0.000000	0	0	0	X 
192	0	168	0	2	0	300.000000	400.000000	0.000000	0	0	0	X 
193	0	169	0	10	0	300.000000	400.000000	0.000000	0	0	0	X 
194	0	170	0	6	0	300.000000	400.000000	0.000000	0	0	0	X 
195	0	171	0	8	0	300.000000	400.000000	0.000000	0	0	0	X 
196	0	172	0	9	0	300.000000	400.000000	0.000000	0	0	0	X 
197	0	173	0	10	0	300.000000	400.000000	0.000000	0	0	0	X 
198	0	174	0	2	0	300.000000	400.000000	0.000000	0	0	0	X 
199	0	175	0	3	0	300.000000	400.000000	0.000000	0	0	0	X 
200	0	176	0	4	0	300.000000	400.000000	0.000000	0	0	0	X 
201	0	177	0	10	0	300.000000	400.000000	0.000000	0	0	0	X 
202	0	178	0	7	0	300.000000	400.000000	0.000000	0	0	0	X 
203	0	179	0	8	0	300.000000	400.000000	0.000000	0	0	0	X 
204	0	180	0	9	0	300.000000	400.000000	0.000000	0	0	0	X 
205	0	181	0	10	0	300.000000	400.000000	0.000000	0	0	0	X 
206	0	182	0	6	0	300.000000	400.000000	0.000000	0	0	0	X 
207	0	183	0	10	0	300.000000	400.000000	0.000000	0	0	0	X 
230	4	199	0	0	0	0.000000	0.000000	1.100000	0	0	0	X 
231	4	200	0	0	0	0.000000	0.000000	1.200000	0	0	0	X 
232	2	201	0	0	0	100.000000	100.000000	0.000000	0	0	0	X 
233	2	202	0	0	0	200.000000	200.000000	0.000000	0	0	0	X 
234	3	203	0	0	0	0.000000	0.000000	0.800000	0	0	0	X 
235	3	204	0	0	0	0.000000	0.000000	0.600000	0	0	0	X 
236	8	205	0	0	0	0.000000	0.000000	1.100000	0	0	0	X 
237	8	206	0	0	0	0.000000	0.000000	1.200000	0	0	0	X 
260	17	221	1	0	0	0.000000	0.000000	0.500000	0	0	0	X 
261	17	222	0	0	0	0.000000	0.000000	0.750000	0	0	0	X 
267	0	227	0	28	0	0.000000	0.000000	0.000000	0	0	0	X 
268	0	228	0	28	0	0.000000	0.000000	0.000000	0	0	0	X 
273	0	232	0	6	0	200.000000	200.000000	0.000000	0	0	0	X 
278	4	236	2	0	0	0.000000	0.000000	1.350000	0	0	0	X 
279	4	231	0	0	0	0.000000	0.000000	0.000000	0	0	0	X 
288	1	244	1	0	0	300.000000	300.000000	0.000000	0	0	0	X 
301	0	249	0	6	0	300.000000	400.000000	0.000000	0	0	0	X 
302	18	248	7	0	0	0.000000	0.000000	0.000000	0	0	0	X 
303	17	250	2	0	0	0.000000	0.000000	0.500000	0	0	0	X 
305	0	54	0	60	0	100.000000	100.000000	0.000000	0	0	0	X 
306	0	55	6	61	0	100.000000	100.000000	0.000000	0	0	0	X 
307	0	56	6	62	0	100.000000	100.000000	0.000000	0	0	0	X 
308	0	57	6	63	0	100.000000	100.000000	0.000000	0	0	0	X 
309	0	58	6	67	0	100.000000	100.000000	0.000000	0	0	0	X 
310	0	59	6	64	0	100.000000	100.000000	0.000000	0	0	0	X 
311	0	60	6	65	0	100.000000	100.000000	0.000000	0	0	0	X 
312	0	61	6	66	0	100.000000	100.000000	0.000000	0	0	0	X 
313	5	252	1	0	0	150.000000	150.000000	0.000000	15	0	0	X 
314	5	253	1	0	0	150.000000	150.000000	0.000000	28	0	0	X 
315	5	254	1	0	0	150.000000	150.000000	0.000000	36	0	0	X 
316	5	255	1	0	0	150.000000	150.000000	0.000000	29	0	0	X 
317	5	252	1	0	0	150.000000	150.000000	0.000000	30	0	0	X 
318	5	253	1	0	0	150.000000	150.000000	0.000000	41	0	0	X 
319	5	255	1	0	0	150.000000	150.000000	0.000000	33	0	0	X 
320	5	254	1	0	0	150.000000	150.000000	0.000000	42	0	0	X 
322	8	256	1	0	0	0.000000	0.000000	3.000000	0	0	824	X 
325	2	257	0	0	0	300.000000	300.000000	0.000000	0	0	0	X 
328	0	260	0	87	0	1000.000000	1000.000000	0.000000	0	0	0	X 
329	0	261	0	74	0	1000.000000	1000.000000	0.000000	0	0	0	X 
330	0	262	0	75	0	1000.000000	1000.000000	0.000000	0	0	0	X 
331	0	263	0	73	0	1000.000000	1000.000000	0.000000	0	0	0	X 
332	0	264	0	76	0	1000.000000	1000.000000	0.000000	0	0	0	X 
333	0	265	0	77	0	300.000000	300.000000	0.000000	0	0	0	X 
334	0	266	0	78	0	300.000000	300.000000	0.000000	0	0	0	X 
335	0	267	0	79	0	300.000000	300.000000	0.000000	0	0	0	X 
336	0	268	0	80	0	300.000000	300.000000	0.000000	0	0	0	X 
337	0	269	0	81	0	300.000000	300.000000	0.000000	0	0	0	X 
338	0	270	0	82	0	300.000000	300.000000	0.000000	0	0	0	X 
339	0	271	0	83	0	300.000000	300.000000	0.000000	0	0	0	X 
340	0	272	0	84	0	300.000000	300.000000	0.000000	0	0	0	X 
341	3	273	0	0	0	50.000000	50.000000	0.000000	0	0	0	X 
342	2	274	0	0	0	100.000000	100.000000	0.000000	0	0	0	X 
343	20	275	1	0	0	0.000000	0.000000	0.000000	0	0	0	X 
344	6	276	0	0	0	150.000000	150.000000	0.000000	0	24	0	X 
345	5	277	7	0	0	300.000000	300.000000	0.000000	48	0	0	X 
346	5	278	7	0	0	300.000000	300.000000	0.000000	44	0	0	X 
347	5	279	7	0	0	300.000000	300.000000	0.000000	45	0	0	X 
348	5	280	7	0	0	300.000000	300.000000	0.000000	46	0	0	X 
349	5	281	7	0	0	300.000000	300.000000	0.000000	47	0	0	X 
350	0	282	0	77	0	300.000000	300.000000	0.000000	0	0	0	X 
351	21	283	1	0	0	0.000000	0.000000	1.000000	0	0	61471	X 
352	0	284	0	79	0	300.000000	300.000000	0.000000	0	0	0	X 
353	4	285	2	0	0	0.000000	0.000000	1.500000	0	0	0	X 
354	21	286	1	0	0	0.000000	0.000000	1.000000	0	0	61471	X 
355	21	287	0	0	0	0.000000	0.000000	1.000000	0	0	61471	X 
356	17	288	1	0	0	0.000000	0.000000	0.500000	0	0	0	X 
357	17	289	1	0	0	0.000000	0.000000	0.500000	0	0	0	X 
358	21	290	1	0	0	0.000000	0.000000	1.000000	0	0	61471	X 
359	4	291	2	0	0	0.000000	0.000000	1.500000	0	0	0	X 
360	2	292	0	0	0	150.000000	150.000000	0.000000	0	0	0	X 
361	2	293	0	0	0	150.000000	150.000000	0.000000	0	0	0	X 
362	6	294	0	0	0	200.000000	200.000000	0.000000	0	11	0	X 
367	12	299	0	0	0	0.000000	0.000000	0.000000	0	0	0	X 
368	12	300	0	0	0	0.000000	0.000000	0.000000	0	0	0	X 
371	2	303	0	0	0	200.000000	200.000000	0.000000	0	0	0	X 
373	5	281	7	0	0	300.000000	300.000000	0.000000	50	0	0	X 
374	5	279	7	0	0	300.000000	300.000000	0.000000	49	0	0	X 
375	2	304	0	0	0	0.000000	0.000000	0.000000	0	0	0	X 
376	21	305	0	0	0	0.000000	0.000000	0.000000	0	0	61461	X 
377	0	306	0	88	0	300.000000	300.000000	0.000000	0	0	0	X 
380	0	307	0	1	0	300.000000	400.000000	0.000000	0	0	0	X 
381	0	308	0	9	0	300.000000	400.000000	0.000000	0	0	0	X 
382	0	309	0	2	0	300.000000	400.000000	0.000000	0	0	0	X 
383	0	310	0	7	0	300.000000	400.000000	0.000000	0	0	0	X 
384	0	311	0	8	0	300.000000	400.000000	0.000000	0	0	0	X 
385	0	312	0	6	0	300.000000	400.000000	0.000000	0	0	0	X 
386	0	313	0	10	0	300.000000	400.000000	0.000000	0	0	0	X 
387	8	314	0	0	0	0.000000	0.000000	2.000000	0	0	1101	X 
388	0	315	0	87	0	1000.000000	1000.000000	0.000000	0	0	0	X 
390	5	278	7	0	0	300.000000	300.000000	0.000000	52	0	0	X 
391	5	277	7	0	0	300.000000	300.000000	0.000000	51	0	0	X 
392	21	317	0	0	0	0.000000	0.000000	1.000000	0	0	61621	X 
393	2	318	0	0	0	100.000000	100.000000	0.000000	0	0	0	X 
394	4	319	2	0	0	0.000000	0.000000	1.500000	0	0	0	X 
395	21	320	1	0	0	0.000000	0.000000	1.000000	0	0	61621	X 
396	4	321	2	0	0	0.000000	0.000000	1.500000	0	0	0	X 
397	2	322	0	0	0	100.000000	100.000000	0.000000	0	0	0	X 
398	0	323	0	87	0	1000.000000	1000.000000	0.000000	0	0	0	X 
399	0	324	0	15	0	150.000000	150.000000	0.000000	0	0	0	X 
400	0	324	0	11	0	150.000000	150.000000	0.000000	0	0	0	X 
401	0	325	0	16	0	150.000000	150.000000	0.000000	0	0	0	X 
402	2	325	0	0	0	100.000000	100.000000	0.000000	0	0	0	X 
403	8	326	1	0	0	0.000000	0.000000	2.000000	0	0	823	X 
404	0	324	0	12	0	150.000000	150.000000	0.000000	0	0	0	X 
405	0	324	0	14	0	150.000000	150.000000	0.000000	0	0	0	X 
406	0	324	0	16	0	150.000000	150.000000	0.000000	0	0	0	X 
407	0	324	0	20	0	150.000000	150.000000	0.000000	0	0	0	X 
408	0	324	0	17	0	150.000000	150.000000	0.000000	0	0	0	X 
409	0	327	0	76	0	1000.000000	1000.000000	0.000000	0	0	0	X 
410	0	324	0	18	0	150.000000	150.000000	0.000000	0	0	0	X 
411	0	324	0	19	0	150.000000	150.000000	0.000000	0	0	0	X 
415	0	331	0	109	0	650.000000	800.000000	0.000000	0	0	0	X 
416	0	332	0	113	0	650.000000	800.000000	0.000000	0	0	0	X 
417	0	333	0	114	0	650.000000	800.000000	0.000000	0	0	0	X 
418	0	334	0	113	0	650.000000	800.000000	0.000000	0	0	0	X 
419	0	335	0	109	0	650.000000	800.000000	0.000000	0	0	0	X 
420	0	336	0	114	0	650.000000	800.000000	0.000000	0	0	0	X 
421	0	337	0	113	0	650.000000	800.000000	0.000000	0	0	0	X 
422	0	338	0	109	0	650.000000	800.000000	0.000000	0	0	0	X 
423	0	339	0	114	0	650.000000	800.000000	0.000000	0	0	0	X 
424	0	340	0	113	0	650.000000	800.000000	0.000000	0	0	0	X 
425	0	341	0	109	0	650.000000	800.000000	0.000000	0	0	0	X 
426	0	342	0	114	0	650.000000	800.000000	0.000000	0	0	0	X 
427	0	343	0	113	0	650.000000	800.000000	0.000000	0	0	0	X 
428	0	344	0	114	0	650.000000	800.000000	0.000000	0	0	0	X 
429	0	345	0	109	0	650.000000	800.000000	0.000000	0	0	0	X 
430	0	346	0	109	0	650.000000	800.000000	0.000000	0	0	0	X 
431	0	347	0	113	0	650.000000	800.000000	0.000000	0	0	0	X 
432	0	348	0	114	0	650.000000	800.000000	0.000000	0	0	0	X 
433	0	349	0	114	0	650.000000	800.000000	0.000000	0	0	0	X 
434	0	350	0	113	0	650.000000	800.000000	0.000000	0	0	0	X 
435	0	351	0	109	0	650.000000	800.000000	0.000000	0	0	0	X 
436	0	352	0	114	0	650.000000	800.000000	0.000000	0	0	0	X 
437	0	353	0	113	0	650.000000	800.000000	0.000000	0	0	0	X 
438	0	354	0	109	0	650.000000	800.000000	0.000000	0	0	0	X 
439	0	355	0	109	0	650.000000	800.000000	0.000000	0	0	0	X 
440	0	356	0	114	0	650.000000	800.000000	0.000000	0	0	0	X 
441	0	357	0	113	0	650.000000	800.000000	0.000000	0	0	0	X 
442	0	358	0	109	0	650.000000	800.000000	0.000000	0	0	0	X 
443	0	359	0	114	0	650.000000	800.000000	0.000000	0	0	0	X 
444	0	360	0	113	0	650.000000	800.000000	0.000000	0	0	0	X 
445	0	361	0	109	0	650.000000	800.000000	0.000000	0	0	0	X 
446	0	362	0	113	0	650.000000	800.000000	0.000000	0	0	0	X 
447	0	363	0	114	0	650.000000	800.000000	0.000000	0	0	0	X 
448	0	364	0	109	0	650.000000	800.000000	0.000000	0	0	0	X 
449	0	365	0	114	0	650.000000	800.000000	0.000000	0	0	0	X 
450	0	366	0	113	0	650.000000	800.000000	0.000000	0	0	0	X 
472	21	388	0	0	0	300.000000	300.000000	0.000000	0	0	65641	X 
473	6	389	0	0	0	200.000000	200.000000	0.000000	0	8	0	X 
477	2	393	0	0	0	0.000000	0.000000	0.000000	0	0	0	X 
478	26	394	1	0	0	0.000000	0.000000	20.000000	0	0	596	X 
488	17	404	0	0	0	0.000000	0.000000	0.030000	0	0	0	X 
490	17	406	0	0	0	0.000000	0.000000	0.070000	0	0	0	X 
491	22	407	1	0	0	0.000000	0.000000	15.000000	0	0	67	X 
492	22	408	1	0	0	0.000000	0.000000	15.000000	0	0	66	X 
494	2	410	0	0	0	0.000000	0.000000	200.000000	0	0	0	X 
496	0	412	0	110	0	650.000000	650.000000	0.000000	0	0	0	X 
497	13	413	0	0	0	0.000000	0.000000	0.000000	0	0	0	X 
498	12	414	0	0	0	0.000000	0.000000	0.000000	0	0	0	X 
499	12	415	0	0	0	0.000000	0.000000	0.000000	0	0	0	X 
500	0	416	0	115	0	650.000000	650.000000	0.000000	0	0	0	X 
501	0	417	0	121	0	650.000000	650.000000	0.000000	0	0	0	X 
502	21	418	0	0	0	0.000000	0.000000	0.000000	0	0	67405	X 
503	23	419	0	115	0	0.000000	0.000000	15.000000	0	0	0	X 
504	23	420	0	110	0	0.000000	0.000000	15.000000	0	0	0	X 
505	22	421	1	0	0	0.000000	0.000000	15.000000	0	0	65	X 
506	41	422	0	0	0	0.000000	0.000000	15.000000	0	0	0	X 
507	17	423	0	0	0	0.000000	0.000000	0.800000	0	0	0	X 
516	17	428	0	0	1	0.000000	0.000000	2.000000	0	0	0	X 
523	2	435	0	0	0	0.000000	0.000000	30.000000	0	0	0	X 
524	2	436	0	0	1	0.000000	0.000000	0.000000	0	0	0	X 
525	27	437	0	0	1	0.000000	0.000000	1.000000	0	0	0	X 
526	0	438	0	115	0	650.000000	650.000000	0.000000	0	0	0	X 
527	0	439	0	121	0	650.000000	650.000000	0.000000	0	0	0	X 
528	0	440	0	110	0	650.000000	650.000000	0.000000	0	0	0	X 
529	0	441	0	121	0	650.000000	650.000000	0.000000	0	0	0	X 
530	0	442	0	110	0	650.000000	650.000000	0.000000	0	0	0	X 
531	0	443	0	115	0	650.000000	650.000000	0.000000	0	0	0	X 
532	0	444	0	121	0	650.000000	650.000000	0.000000	0	0	0	X 
533	0	445	0	115	0	650.000000	650.000000	0.000000	0	0	0	X 
534	0	446	0	110	0	650.000000	650.000000	0.000000	0	0	0	X 
535	0	447	0	110	0	650.000000	650.000000	0.000000	0	0	0	X 
536	0	448	0	115	0	650.000000	650.000000	0.000000	0	0	0	X 
537	0	449	0	121	0	650.000000	650.000000	0.000000	0	0	0	X 
538	0	450	0	115	0	650.000000	650.000000	0.000000	0	0	0	X 
539	0	451	0	110	0	650.000000	650.000000	0.000000	0	0	0	X 
540	0	452	0	121	0	650.000000	650.000000	0.000000	0	0	0	X 
541	0	453	0	115	0	650.000000	650.000000	0.000000	0	0	0	X 
542	0	454	0	121	0	650.000000	650.000000	0.000000	0	0	0	X 
543	0	455	0	110	0	650.000000	650.000000	0.000000	0	0	0	X 
544	0	456	0	121	0	650.000000	650.000000	0.000000	0	0	0	X 
545	0	457	0	115	0	650.000000	650.000000	0.000000	0	0	0	X 
546	0	458	0	110	0	650.000000	650.000000	0.000000	0	0	0	X 
547	0	459	0	121	0	650.000000	650.000000	0.000000	0	0	0	X 
548	0	460	0	115	0	650.000000	650.000000	0.000000	0	0	0	X 
549	0	461	0	110	0	650.000000	650.000000	0.000000	0	0	0	X 
550	0	462	0	110	0	650.000000	650.000000	0.000000	0	0	0	X 
551	0	463	0	115	0	650.000000	650.000000	0.000000	0	0	0	X 
552	0	464	0	121	0	650.000000	650.000000	0.000000	0	0	0	X 
553	0	465	0	110	0	650.000000	650.000000	0.000000	0	0	0	X 
554	0	466	0	121	0	650.000000	650.000000	0.000000	0	0	0	X 
555	0	467	0	115	0	650.000000	650.000000	0.000000	0	0	0	X 
556	0	468	0	121	0	650.000000	650.000000	0.000000	0	0	0	X 
557	0	469	0	115	0	650.000000	650.000000	0.000000	0	0	0	X 
558	0	470	0	110	0	650.000000	650.000000	0.000000	0	0	0	X 
559	29	471	0	0	1	0.000000	0.000000	-20000.000000	0	0	0	X 
560	39	472	0	0	1	0.000000	0.000000	2.000000	0	0	1220	X 
561	30	473	0	0	1	0.000000	0.000000	500.000000	0	0	0	X 
562	31	474	0	0	1	0.000000	0.000000	-50.000000	0	0	0	X 
563	2	475	0	0	1	0.000000	0.000000	0.500000	0	0	0	X 
564	2	476	0	0	1	0.000000	0.000000	0.500000	0	0	0	X 
575	2	482	0	0	1	0.000000	0.000000	0.000000	0	0	0	X 
578	23	485	0	115	0	0.000000	0.000000	15.000000	0	0	0	X 
579	2	486	0	0	0	0.000000	0.000000	15.000000	0	0	0	X 
580	2	487	0	0	0	0.000000	0.000000	30.000000	0	0	0	X 
581	22	488	1	0	0	0.000000	0.000000	15.000000	0	0	103	X 
582	24	489	2	0	0	0.000000	0.000000	5.000000	0	0	0	X 
583	21	490	0	0	0	0.000000	0.000000	1.000000	0	0	66593	X 
584	6	491	0	0	0	0.000000	0.000000	15.000000	0	8	0	X 
585	17	492	0	0	0	0.000000	0.000000	0.800000	0	0	0	X 
586	22	493	1	0	0	0.000000	0.000000	15.000000	0	0	102	X 
588	21	494	0	0	0	0.000000	0.000000	20.000000	0	0	66590	X 
612	2	496	0	0	0	0.000000	0.000000	15.000000	0	0	0	X 
613	22	497	1	0	0	0.000000	0.000000	15.000000	0	0	102	X 
614	34	498	0	0	0	0.000000	0.000000	1.000000	0	0	103	X 
615	17	499	0	0	0	0.000000	0.000000	0.800000	0	0	0	X 
616	2	500	0	0	0	0.000000	0.000000	20.000000	0	0	0	X 
617	39	501	0	0	0	0.000000	0.000000	10.000000	0	0	1220	X 
618	41	502	0	0	0	0.000000	0.000000	15.000000	0	0	0	X 
619	24	503	2	0	0	0.000000	0.000000	5.000000	0	0	0	X 
620	21	504	0	0	0	0.000000	0.000000	1.000000	0	0	67735	X 
621	33	505	0	0	0	0.000000	0.000000	15.000000	0	0	0	X 
622	25	506	2	0	0	0.000000	1.000000	20.000000	0	0	0	X 
623	6	507	0	0	0	0.000000	0.000000	15.000000	0	8	0	X 
624	23	508	0	115	0	0.000000	0.000000	15.000000	0	0	0	X 
625	23	509	0	110	0	0.000000	0.000000	15.000000	0	0	0	X 
626	6	510	0	0	0	0.000000	0.000000	15.000000	0	8	0	X 
627	17	511	0	0	0	0.000000	0.000000	0.800000	0	0	0	X 
628	21	512	0	0	0	0.000000	0.000000	1.000000	0	0	67360	X 
629	23	513	0	115	0	0.000000	0.000000	15.000000	0	0	0	X 
630	22	514	1	0	0	0.000000	0.000000	15.000000	0	0	98	X 
631	22	515	1	0	0	0.000000	0.000000	15.000000	0	0	97	X 
632	22	516	1	0	0	0.000000	0.000000	15.000000	0	0	86	X 
633	2	517	0	0	0	0.000000	0.000000	15.000000	0	0	0	X 
634	2	518	1	0	0	0.000000	0.000000	20.000000	0	0	0	X 
635	2	519	0	0	0	0.000000	0.000000	30.000000	0	0	0	X 
636	23	520	0	115	0	0.000000	0.000000	15.000000	0	0	0	X 
637	2	521	0	0	0	0.000000	0.000000	15.000000	0	0	0	X 
638	2	522	0	0	0	0.000000	0.000000	20.000000	0	0	0	X 
640	22	524	1	0	0	0.000000	0.000000	15.000000	0	0	115	X 
641	41	525	0	0	0	0.000000	0.000000	15.000000	0	0	0	X 
642	22	526	1	0	0	0.000000	0.000000	15.000000	0	0	85	X 
644	23	528	0	115	0	0.000000	0.000000	15.000000	0	0	0	X 
645	23	529	0	113	0	0.000000	0.000000	15.000000	0	0	0	X 
646	17	530	0	0	0	0.000000	0.000000	0.800000	0	0	0	X 
647	2	531	0	0	0	0.000000	0.000000	30.000000	0	0	0	X 
648	23	532	0	121	0	0.000000	0.000000	15.000000	0	0	0	X 
649	23	533	0	115	0	0.000000	0.000000	15.000000	0	0	0	X 
650	23	534	0	110	0	0.000000	0.000000	15.000000	0	0	0	X 
651	2	535	0	0	0	0.000000	0.000000	30.000000	0	0	0	X 
654	23	529	0	114	0	0.000000	0.000000	15.000000	0	0	0	X 
655	23	529	0	109	0	0.000000	0.000000	15.000000	0	0	0	X 
656	23	537	0	115	0	0.000000	0.000000	15.000000	0	0	0	X 
657	35	538	0	0	0	0.000000	1.000000	50.000000	0	0	0	X 
658	39	539	0	0	0	0.000000	0.000000	0.700000	0	0	1220	X 
659	21	540	0	0	0	0.000000	0.000000	1.000000	0	0	67406	X 
660	22	541	1	0	0	0.000000	0.000000	15.000000	0	0	81	X 
661	23	542	0	110	0	0.000000	0.000000	15.000000	0	0	0	X 
662	22	543	1	0	0	0.000000	0.000000	15.000000	0	0	82	X 
663	17	544	0	0	0	0.000000	0.000000	0.800000	0	0	0	X 
664	22	545	1	0	0	0.000000	0.000000	15.000000	0	0	73	X 
665	17	546	0	0	1	0.000000	0.000000	2.000000	0	0	0	X 
666	6	547	0	0	0	0.000000	0.000000	15.000000	0	8	0	X 
669	23	548	0	115	0	0.000000	0.000000	15.000000	0	0	0	X 
672	22	549	1	0	0	0.000000	0.000000	15.000000	0	0	72	X 
673	21	550	0	0	0	0.000000	0.000000	1.000000	0	0	66733	X 
674	2	551	0	0	0	0.000000	0.000000	30.000000	0	0	0	X 
675	23	552	0	121	0	0.000000	0.000000	15.000000	0	0	0	X 
676	2	553	0	0	0	0.000000	0.000000	15.000000	0	0	0	X 
677	2	554	1	0	0	0.000000	0.000000	20.000000	0	0	0	X 
678	2	555	0	0	0	0.000000	0.000000	15.000000	0	0	0	X 
679	2	556	2	0	0	0.000000	0.000000	20.000000	0	0	0	X 
680	2	557	0	0	0	0.000000	0.000000	30.000000	0	0	0	X 
681	23	558	0	115	0	0.000000	0.000000	15.000000	0	0	0	X 
682	2	559	0	0	0	0.000000	0.000000	15.000000	0	0	0	X 
683	2	560	0	0	0	0.000000	0.000000	20.000000	0	0	0	X 
684	2	561	0	0	0	0.000000	0.000000	30.000000	0	0	0	X 
685	22	562	1	0	0	0.000000	0.000000	15.000000	0	0	87	X 
686	17	563	0	0	0	0.000000	0.000000	0.800000	0	0	0	X 
687	28	564	2	0	0	1.000000	1.000000	1.000000	0	0	0	X 
688	23	565	0	115	0	0.000000	0.000000	15.000000	0	0	0	X 
689	35	566	0	0	0	1.000000	1.000000	50.000000	0	0	0	X 
690	23	567	0	110	0	0.000000	0.000000	15.000000	0	0	0	X 
691	22	568	1	0	0	0.000000	0.000000	15.000000	0	0	88	X 
692	24	569	2	0	0	0.000000	0.000000	5.000000	0	0	0	X 
693	2	570	0	0	0	0.000000	0.000000	20.000000	0	0	0	X 
694	34	571	0	0	0	0.000000	0.000000	1.000000	0	0	66	X 
695	2	572	0	0	0	0.000000	0.000000	15.000000	0	0	0	X 
696	23	573	0	110	0	0.000000	0.000000	15.000000	0	0	0	X 
697	2	574	0	0	0	0.000000	0.000000	15.000000	0	0	0	X 
698	2	575	0	0	0	0.000000	0.000000	30.000000	0	0	0	X 
699	23	576	0	115	0	0.000000	0.000000	15.000000	0	0	0	X 
700	2	577	0	0	0	0.000000	0.000000	15.000000	0	0	0	X 
701	2	578	0	0	0	0.000000	0.000000	20.000000	0	0	0	X 
702	34	579	0	0	0	0.000000	0.000000	1.000000	0	0	98	X 
703	17	580	0	0	0	0.000000	0.000000	0.800000	0	0	0	X 
704	2	581	0	0	0	0.000000	0.000000	40.000000	0	0	0	X 
705	2	582	0	0	0	0.000000	0.000000	40.000000	0	0	0	X 
706	23	583	0	115	0	0.000000	0.000000	15.000000	0	0	0	X 
707	2	584	0	0	0	0.000000	0.000000	20.000000	0	0	0	X 
708	34	585	0	0	0	0.000000	0.000000	1.000000	0	0	85	X 
709	23	586	0	121	0	0.000000	0.000000	15.000000	0	0	0	X 
710	23	587	0	115	0	0.000000	0.000000	10.000000	0	0	0	X 
711	34	588	0	0	0	0.000000	0.000000	1.000000	0	0	72	X 
712	17	589	0	0	0	0.000000	0.000000	0.800000	0	0	0	X 
714	23	591	0	115	0	0.000000	0.000000	10.000000	0	0	0	X 
715	17	592	0	0	0	0.000000	0.000000	0.800000	0	0	0	X 
716	23	593	0	115	0	0.000000	0.000000	10.000000	0	0	0	X 
717	34	594	0	0	0	0.000000	0.000000	1.000000	0	0	88	X 
718	2	595	0	0	0	0.000000	0.000000	20.000000	0	0	0	X 
719	24	596	2	0	0	0.000000	0.000000	5.000000	0	0	0	X 
720	17	597	0	0	0	0.000000	0.000000	0.800000	0	0	0	X 
721	34	598	0	0	0	0.000000	0.000000	1.000000	0	0	100	X 
722	2	599	0	0	0	0.000000	0.000000	15.000000	0	0	0	X 
723	2	600	0	0	0	0.000000	0.000000	30.000000	0	0	0	X 
724	23	601	0	110	0	0.000000	0.000000	15.000000	0	0	0	X 
725	2	602	0	0	0	0.000000	0.000000	20.000000	0	0	0	X 
726	2	603	0	0	0	0.000000	0.000000	15.000000	0	0	0	X 
727	2	604	0	0	0	0.000000	0.000000	30.000000	0	0	0	X 
728	2	605	0	0	0	0.000000	0.000000	20.000000	0	0	0	X 
729	23	606	0	115	0	0.000000	0.000000	15.000000	0	0	0	X 
730	23	607	0	110	0	0.000000	0.000000	15.000000	0	0	0	X 
731	22	608	1	0	0	0.000000	0.000000	15.000000	0	0	79	X 
732	21	609	0	0	0	0.000000	0.000000	1.000000	0	0	67101	X 
733	23	610	0	115	0	0.000000	0.000000	15.000000	0	0	0	X 
734	17	611	0	0	0	0.000000	0.000000	0.800000	0	0	0	X 
735	23	612	0	115	0	0.000000	0.000000	15.000000	0	0	0	X 
736	23	612	0	110	0	0.000000	0.000000	15.000000	0	0	0	X 
737	22	613	1	0	0	0.000000	0.000000	15.000000	0	0	80	X 
738	2	614	0	0	0	0.000000	0.000000	20.000000	0	0	0	X 
739	34	615	0	0	0	0.000000	0.000000	1.000000	0	0	80	X 
740	23	616	0	115	0	0.000000	0.000000	10.000000	0	0	0	X 
741	2	617	0	0	0	0.000000	0.000000	15.000000	0	0	0	X 
742	2	618	0	0	0	0.000000	0.000000	20.000000	0	0	0	X 
743	2	619	0	0	0	0.000000	0.000000	30.000000	0	0	0	X 
744	2	620	0	0	0	0.000000	0.000000	30.000000	0	0	0	X 
745	22	621	1	0	0	0.000000	0.000000	15.000000	0	0	75	X 
746	23	622	0	110	0	0.000000	0.000000	15.000000	0	0	0	X 
747	23	623	0	115	0	0.000000	0.000000	15.000000	0	0	0	X 
748	35	624	0	0	0	0.000000	1.000000	50.000000	0	0	0	X 
749	23	625	0	115	0	0.000000	0.000000	15.000000	0	0	0	X 
750	41	626	0	0	0	0.000000	0.000000	15.000000	0	0	0	X 
751	22	627	1	0	0	0.000000	0.000000	15.000000	0	0	76	X 
752	17	628	0	0	0	0.000000	0.000000	0.800000	0	0	0	X 
753	34	629	0	0	0	0.000000	0.000000	1.000000	0	0	76	X 
754	23	630	0	110	0	0.000000	0.000000	10.000000	0	0	0	X 
755	22	631	1	0	0	0.000000	0.000000	10.000000	0	0	75	X 
756	2	632	2	0	0	0.000000	0.000000	15.000000	0	0	0	X 
757	2	633	2	0	0	0.000000	0.000000	30.000000	0	0	0	X 
758	21	634	2	0	0	0.000000	0.000000	1.000000	0	0	67112	X 
759	23	635	0	115	0	0.000000	0.000000	15.000000	0	0	0	X 
760	23	636	0	110	0	0.000000	0.000000	15.000000	0	0	0	X 
761	23	637	0	113	0	0.000000	0.000000	15.000000	0	0	0	X 
762	23	637	0	114	0	0.000000	0.000000	15.000000	0	0	0	X 
763	23	637	0	109	0	0.000000	0.000000	15.000000	0	0	0	X 
764	22	638	1	0	0	0.000000	0.000000	15.000000	0	0	94	X 
765	21	639	2	0	0	0.000000	0.000000	1.000000	0	0	67112	X 
766	28	640	2	0	0	-1.000000	-1.000000	1.000000	0	0	0	X 
767	6	641	0	0	0	0.000000	0.000000	15.000000	0	8	0	X 
768	21	642	0	0	0	0.000000	0.000000	1.000000	0	0	67407	X 
769	2	643	0	0	0	0.000000	0.000000	20.000000	0	0	0	X 
770	23	644	0	115	0	0.000000	0.000000	10.000000	0	0	0	X 
771	34	645	0	0	0	0.000000	0.000000	1.000000	0	0	94	X 
772	35	646	0	0	0	0.000000	1.000000	50.000000	0	0	0	X 
773	2	647	0	0	0	0.000000	0.000000	15.000000	0	0	0	X 
774	2	648	0	0	0	0.000000	0.000000	20.000000	0	0	0	X 
775	2	649	0	0	0	0.000000	0.000000	30.000000	0	0	0	X 
776	22	650	1	0	0	0.000000	0.000000	15.000000	0	0	126	X 
777	21	651	0	0	0	0.000000	0.000000	1.000000	0	0	67146	X 
778	23	652	0	110	0	0.000000	0.000000	15.000000	0	0	0	X 
779	35	653	0	0	0	1.000000	1.000000	50.000000	0	0	0	X 
780	22	654	1	0	0	0.000000	0.000000	15.000000	0	0	91	X 
781	6	655	0	0	0	0.000000	0.000000	15.000000	0	8	0	X 
782	22	656	1	0	0	0.000000	0.000000	15.000000	0	0	92	X 
783	24	657	2	0	0	0.000000	0.000000	5.000000	0	0	0	X 
784	34	658	0	0	0	0.000000	0.000000	1.000000	0	0	92	X 
785	2	659	0	0	0	0.000000	0.000000	20.000000	0	0	0	X 
786	28	660	2	0	0	-1.000000	0.000000	1.000000	0	0	0	X 
787	23	661	0	110	0	0.000000	0.000000	10.000000	0	0	0	X 
788	2	662	0	0	0	0.000000	0.000000	20.000000	0	0	0	X 
789	2	663	0	0	0	0.000000	0.000000	20.000000	0	0	0	X 
790	2	664	0	0	0	0.000000	0.000000	200.000000	0	0	0	X 
791	17	665	2	0	0	0.000000	0.000000	0.000000	0	0	0	X 
794	41	668	0	0	0	0.000000	0.000000	15.000000	0	0	0	X 
795	23	606	0	110	0	0.000000	0.000000	15.000000	0	0	0	X 
801	37	674	0	0	0	0.000000	0.000000	1.000000	0	0	33	X 
802	37	675	0	0	0	0.000000	0.000000	1.000000	0	0	37	X 
803	37	676	0	0	0	0.000000	0.000000	1.000000	0	0	38	X 
804	37	677	0	0	0	0.000000	0.000000	1.000000	0	0	34	X 
805	37	678	0	0	0	0.000000	0.000000	1.000000	0	0	35	X 
806	37	679	0	0	0	0.000000	0.000000	1.000000	0	0	36	X 
807	17	680	0	0	0	0.000000	0.000000	0.950000	0	0	0	X 
808	17	681	0	0	0	0.000000	0.000000	0.900000	0	0	0	X 
809	17	682	0	0	0	0.000000	0.000000	0.850000	0	0	0	X 
810	2	683	0	0	0	0.000000	0.000000	5.000000	0	0	0	X 
811	2	684	0	0	0	0.000000	0.000000	10.000000	0	0	0	X 
812	2	685	0	0	0	0.000000	0.000000	15.000000	0	0	0	X 
813	37	686	0	0	0	0.000000	0.000000	1.000000	0	0	38	X 
814	37	687	0	0	0	0.000000	0.000000	1.000000	0	0	38	X 
815	37	688	0	0	0	0.000000	0.000000	1.000000	0	0	38	X 
816	37	689	0	0	0	0.000000	0.000000	1.000000	0	0	36	X 
817	37	690	0	0	0	0.000000	0.000000	1.000000	0	0	36	X 
818	37	691	0	0	0	0.000000	0.000000	1.000000	0	0	36	X 
819	17	692	0	0	0	0.000000	0.000000	0.850000	0	0	0	X 
820	17	693	0	0	0	0.000000	0.000000	0.850000	0	0	0	X 
821	17	694	0	0	0	0.000000	0.000000	0.850000	0	0	0	X 
822	2	695	0	0	0	0.000000	0.000000	15.000000	0	0	0	X 
823	2	696	0	0	0	0.000000	0.000000	15.000000	0	0	0	X 
824	2	697	0	0	0	0.000000	0.000000	15.000000	0	0	0	X 
825	22	698	1	0	0	0.000000	0.000000	10.000000	0	0	93	X 
826	22	699	1	0	0	0.000000	0.000000	20.000000	0	0	93	X 
827	22	700	1	0	0	0.000000	0.000000	15.000000	0	0	94	X 
828	22	701	1	0	0	0.000000	0.000000	20.000000	0	0	94	X 
829	22	702	1	0	0	0.000000	0.000000	10.000000	0	0	79	X 
830	22	703	1	0	0	0.000000	0.000000	20.000000	0	0	79	X 
831	22	704	1	0	0	0.000000	0.000000	15.000000	0	0	80	X 
832	22	705	1	0	0	0.000000	0.000000	20.000000	0	0	80	X 
833	22	706	1	0	0	0.000000	0.000000	10.000000	0	0	97	X 
834	22	707	1	0	0	0.000000	0.000000	20.000000	0	0	97	X 
835	22	708	1	0	0	0.000000	0.000000	15.000000	0	0	98	X 
836	22	709	1	0	0	0.000000	0.000000	20.000000	0	0	98	X 
837	22	710	1	0	0	0.000000	0.000000	10.000000	0	0	72	X 
838	22	711	1	0	0	0.000000	0.000000	20.000000	0	0	72	X 
839	22	712	1	0	0	0.000000	0.000000	15.000000	0	0	73	X 
840	22	713	1	0	0	0.000000	0.000000	20.000000	0	0	73	X 
841	22	714	1	0	0	0.000000	0.000000	10.000000	0	0	86	X 
842	22	715	1	0	0	0.000000	0.000000	20.000000	0	0	86	X 
843	22	716	1	0	0	0.000000	0.000000	15.000000	0	0	85	X 
844	22	717	1	0	0	0.000000	0.000000	20.000000	0	0	85	X 
845	22	718	1	0	0	0.000000	0.000000	10.000000	0	0	99	X 
846	22	719	1	0	0	0.000000	0.000000	20.000000	0	0	99	X 
847	22	720	1	0	0	0.000000	0.000000	15.000000	0	0	100	X 
848	22	721	1	0	0	0.000000	0.000000	20.000000	0	0	100	X 
849	22	722	1	0	0	0.000000	0.000000	10.000000	0	0	102	X 
850	22	723	1	0	0	0.000000	0.000000	20.000000	0	0	102	X 
851	22	724	1	0	0	0.000000	0.000000	15.000000	0	0	103	X 
852	22	725	1	0	0	0.000000	0.000000	20.000000	0	0	103	X 
853	22	726	1	0	0	0.000000	0.000000	10.000000	0	0	67	X 
854	22	727	1	0	0	0.000000	0.000000	20.000000	0	0	67	X 
855	22	728	1	0	0	0.000000	0.000000	15.000000	0	0	66	X 
856	22	729	1	0	0	0.000000	0.000000	20.000000	0	0	66	X 
857	22	730	1	0	0	0.000000	0.000000	10.000000	0	0	81	X 
858	22	731	1	0	0	0.000000	0.000000	20.000000	0	0	81	X 
859	22	732	1	0	0	0.000000	0.000000	15.000000	0	0	82	X 
860	22	733	1	0	0	0.000000	0.000000	20.000000	0	0	82	X 
861	22	734	1	0	0	0.000000	0.000000	10.000000	0	0	87	X 
862	22	735	1	0	0	0.000000	0.000000	20.000000	0	0	87	X 
863	22	736	1	0	0	0.000000	0.000000	15.000000	0	0	88	X 
864	22	737	1	0	0	0.000000	0.000000	20.000000	0	0	88	X 
865	22	738	1	0	0	0.000000	0.000000	10.000000	0	0	91	X 
866	22	739	1	0	0	0.000000	0.000000	20.000000	0	0	91	X 
867	22	740	1	0	0	0.000000	0.000000	15.000000	0	0	92	X 
868	22	741	1	0	0	0.000000	0.000000	20.000000	0	0	92	X 
869	22	742	1	0	0	0.000000	0.000000	10.000000	0	0	75	X 
870	22	743	1	0	0	0.000000	0.000000	20.000000	0	0	75	X 
871	22	744	1	0	0	0.000000	0.000000	15.000000	0	0	76	X 
872	22	745	1	0	0	0.000000	0.000000	20.000000	0	0	76	X 
873	2	691	0	0	0	0.000000	0.000000	5.000000	0	0	0	X 
874	37	689	0	0	0	0.000000	0.000000	1.000000	0	0	33	X 
875	17	690	0	0	0	0.000000	0.000000	0.950000	0	0	0	X 
876	37	696	0	0	0	0.000000	0.000000	1.000000	0	0	34	X 
877	37	695	0	0	0	0.000000	0.000000	1.000000	0	0	33	X 
878	17	697	0	0	0	0.000000	0.000000	0.950000	0	0	0	X 
879	37	686	0	0	0	0.000000	0.000000	1.000000	0	0	34	X 
880	2	688	0	0	0	0.000000	0.000000	5.000000	0	0	0	X 
881	17	687	0	0	0	0.000000	0.000000	0.950000	0	0	0	X 
882	37	693	0	0	0	0.000000	0.000000	1.000000	0	0	34	X 
883	2	694	0	0	0	0.000000	0.000000	5.000000	0	0	0	X 
884	37	692	0	0	0	0.000000	0.000000	1.000000	0	0	33	X 
885	37	746	0	0	0	0.000000	0.000000	1.000000	0	0	38	X 
886	37	747	0	0	0	0.000000	0.000000	1.000000	0	0	38	X 
887	2	748	0	0	0	0.000000	0.000000	20.000000	0	0	0	X 
888	2	749	0	0	0	0.000000	0.000000	30.000000	0	0	0	X 
889	23	546	0	113	0	0.000000	0.000000	20.000000	0	0	0	X 
890	23	546	0	114	0	0.000000	0.000000	20.000000	0	0	0	X 
891	23	546	0	109	0	0.000000	0.000000	20.000000	0	0	0	X 
896	2	634	0	0	0	0.000000	0.000000	20.000000	0	0	0	X 
897	2	750	0	0	0	0.000000	0.000000	20.000000	0	0	0	X 
898	2	751	0	0	0	0.000000	0.000000	1.000000	0	0	0	X 
899	2	752	0	0	0	0.000000	0.000000	25.000000	0	0	0	X 
900	34	753	0	0	0	0.000000	0.000000	1.000000	0	0	82	X 
901	7	754	0	0	0	0.000000	0.000000	20.000000	0	4	0	X 
902	7	755	0	0	0	0.000000	0.000000	40.000000	0	4	0	X 
903	7	756	0	0	0	0.000000	0.000000	30.000000	0	4	0	X 
904	6	757	0	0	0	0.000000	0.000000	20.000000	0	8	0	X 
905	6	758	0	0	0	0.000000	0.000000	30.000000	0	8	0	X 
906	6	759	0	0	0	0.000000	0.000000	40.000000	0	8	0	X 
907	2	760	0	0	1	0.000000	0.000000	-100.000000	0	0	0	X 
908	2	761	0	0	1	0.000000	0.000000	75.000000	0	0	0	X 
909	2	762	0	0	1	0.000000	0.000000	-15.000000	0	0	0	X 
910	2	763	0	0	1	0.000000	0.000000	-25.000000	0	0	0	X 
912	34	629	0	0	0	0.000000	0.000000	1.000000	0	0	75	X 
913	34	615	0	0	0	0.000000	0.000000	1.000000	0	0	79	X 
914	34	579	0	0	0	0.000000	0.000000	1.000000	0	0	97	X 
915	34	585	0	0	0	0.000000	0.000000	1.000000	0	0	86	X 
916	34	571	0	0	0	0.000000	0.000000	1.000000	0	0	67	X 
917	34	498	0	0	0	0.000000	0.000000	1.000000	0	0	102	X 
918	34	598	0	0	0	0.000000	0.000000	1.000000	0	0	99	X 
919	34	753	0	0	0	0.000000	0.000000	1.000000	0	0	81	X 
920	34	594	0	0	0	0.000000	0.000000	1.000000	0	0	87	X 
921	34	658	0	0	0	0.000000	0.000000	1.000000	0	0	91	X 
922	21	764	0	0	0	0.000000	0.000000	1.000000	0	0	68568	X 
923	2	765	0	0	0	0.000000	0.000000	20.000000	0	0	0	X 
924	23	766	0	121	0	0.000000	0.000000	15.000000	0	0	0	X 
925	23	767	0	121	0	0.000000	0.000000	15.000000	0	0	0	X 
926	23	768	0	121	0	0.000000	0.000000	15.000000	0	0	0	X 
927	23	769	0	115	0	0.000000	0.000000	15.000000	0	0	0	X 
928	23	769	0	110	0	0.000000	0.000000	15.000000	0	0	0	X 
929	23	770	0	121	0	0.000000	0.000000	15.000000	0	0	0	X 
930	23	771	0	110	0	0.000000	0.000000	15.000000	0	0	0	X 
931	23	772	0	110	0	0.000000	0.000000	15.000000	0	0	0	X 
932	23	773	0	115	0	0.000000	0.000000	15.000000	0	0	0	X 
933	23	773	0	110	0	0.000000	0.000000	15.000000	0	0	0	X 
934	23	774	0	121	0	0.000000	0.000000	15.000000	0	0	0	X 
935	21	775	0	0	0	0.000000	0.000000	0.000000	0	0	68587	X 
936	2	776	0	0	0	0.000000	0.000000	20.000000	0	0	0	X 
937	23	777	0	121	0	0.000000	0.000000	15.000000	0	0	0	X 
938	2	778	0	0	0	0.000000	0.000000	30.000000	0	0	0	X 
939	23	779	0	121	0	0.000000	0.000000	15.000000	0	0	0	X 
940	23	780	0	115	0	0.000000	0.000000	15.000000	0	0	0	X 
941	23	781	0	110	0	0.000000	0.000000	15.000000	0	0	0	X 
942	21	782	0	0	0	0.000000	0.000000	1.000000	0	0	68589	X 
943	37	783	0	0	0	0.000000	0.000000	1.000000	0	0	38	X 
944	37	784	0	0	0	0.000000	0.000000	1.000000	0	0	38	X 
945	21	785	0	0	0	0.000000	0.000000	1.000000	0	0	70306	X 
946	37	786	0	0	0	0.000000	0.000000	1.000000	0	0	38	X 
947	21	787	0	0	0	0.000000	0.000000	1.000000	0	0	70306	X 
948	21	788	0	0	0	0.000000	0.000000	1.000000	0	0	70306	X 
949	21	789	0	0	0	0.000000	0.000000	1.000000	0	0	68600	X 
951	2	791	0	0	0	0.000000	0.000000	5.000000	0	0	0	X 
952	2	792	0	0	0	0.000000	0.000000	2.000000	0	0	0	X 
953	2	793	0	0	0	0.000000	0.000000	10.000000	0	0	0	X 
954	2	794	0	0	0	0.000000	0.000000	50.000000	0	0	0	X 
955	2	795	0	0	0	0.000000	0.000000	25.000000	0	0	0	X 
956	2	796	0	0	0	0.000000	0.000000	100.000000	0	0	0	X 
957	34	588	0	0	0	0.000000	0.000000	1.000000	0	0	73	X 
958	34	645	0	0	0	0.000000	0.000000	1.000000	0	0	93	X 
960	23	798	0	113	0	0.000000	0.000000	50.000000	0	0	0	X 
961	23	798	0	114	0	0.000000	0.000000	50.000000	0	0	0	X 
962	23	798	0	109	0	0.000000	0.000000	50.000000	0	0	0	X 
963	23	799	0	115	0	0.000000	0.000000	15.000000	0	0	0	X 
964	23	799	0	121	0	0.000000	0.000000	15.000000	0	0	0	X 
965	21	800	0	0	0	0.000000	0.000000	20.000000	0	0	70341	X 
966	23	801	0	115	0	0.000000	0.000000	15.000000	0	0	0	X 
967	2	802	0	0	0	0.000000	0.000000	30.000000	0	0	0	X 
968	23	803	0	110	0	0.000000	0.000000	15.000000	0	0	0	X 
969	23	804	0	121	0	0.000000	0.000000	15.000000	0	0	0	X 
970	23	805	0	113	0	0.000000	0.000000	75.000000	0	0	0	X 
971	23	805	0	114	0	0.000000	0.000000	75.000000	0	0	0	X 
972	23	805	0	109	0	0.000000	0.000000	75.000000	0	0	0	X 
973	23	806	0	115	0	0.000000	0.000000	15.000000	0	0	0	X 
974	21	807	0	0	0	0.000000	0.000000	1.000000	0	0	70764	X 
975	2	808	0	0	0	0.000000	0.000000	20.000000	0	0	0	X 
977	23	810	0	115	0	0.000000	0.000000	15.000000	0	0	0	X 
978	23	811	0	115	0	0.000000	0.000000	15.000000	0	0	0	X 
979	24	812	2	0	0	0.000000	0.000000	5.000000	0	0	0	X 
980	24	813	2	0	0	0.000000	0.000000	5.000000	0	0	0	X 
981	21	814	0	0	0	0.000000	0.000000	1.000000	0	0	71305	X 
982	2	815	0	0	0	0.000000	0.000000	40.000000	0	0	0	X 
983	21	816	0	0	0	0.000000	0.000000	1.000000	0	0	71308	X 
984	2	817	0	0	0	0.000000	0.000000	40.000000	0	0	0	X 
985	2	818	0	0	0	0.000000	0.000000	40.000000	0	0	0	X 
986	28	818	0	0	0	0.000000	1.000000	0.000000	0	0	0	X 
987	23	819	0	115	0	0.000000	0.000000	15.000000	0	0	0	X 
988	21	820	0	0	0	0.000000	0.000000	1.000000	0	0	71310	X 
989	2	821	0	0	0	0.000000	0.000000	20.000000	0	0	0	X 
990	23	822	0	115	0	0.000000	0.000000	15.000000	0	0	0	X 
991	23	823	0	121	0	0.000000	0.000000	15.000000	0	0	0	X 
992	24	824	2	0	0	0.000000	0.000000	5.000000	0	0	0	X 
993	24	825	2	0	0	0.000000	0.000000	5.000000	0	0	0	X 
994	6	826	0	0	0	0.000000	0.000000	15.000000	0	8	0	X 
995	26	827	1	0	0	0.000000	0.000000	20.000000	0	0	478	X 
996	26	827	1	0	0	0.000000	0.000000	20.000000	0	0	480	X 
997	26	827	1	0	0	0.000000	0.000000	20.000000	0	0	755	X 
998	26	827	1	0	0	0.000000	0.000000	20.000000	0	0	479	X 
999	26	827	1	0	0	0.000000	0.000000	20.000000	0	0	757	X 
1000	26	827	1	0	0	0.000000	0.000000	20.000000	0	0	756	X 
1001	26	827	1	0	0	0.000000	0.000000	20.000000	0	0	758	X 
1002	26	827	1	0	0	0.000000	0.000000	20.000000	0	0	759	X 
1003	26	827	1	0	0	0.000000	0.000000	20.000000	0	0	1000	X 
1004	23	828	0	121	0	0.000000	0.000000	15.000000	0	0	0	X 
1005	23	829	0	121	0	0.000000	0.000000	15.000000	0	0	0	X 
1033	12	855	0	0	0	0.000000	0.000000	0.000000	0	0	0	X 
1054	2	876	1	0	0	0.000000	0.000000	30.000000	0	0	0	X 
1055	2	877	0	0	0	0.000000	0.000000	30.000000	0	0	0	X 
1056	2	878	0	0	0	0.000000	0.000000	30.000000	0	0	0	X 
1057	2	879	0	0	0	0.000000	0.000000	30.000000	0	0	0	X 
1064	2	884	0	0	0	0.000000	0.000000	30.000000	0	0	0	X 
1066	2	885	0	0	0	0.000000	0.000000	30.000000	0	0	0	X 
1069	2	886	0	0	0	0.000000	0.000000	30.000000	0	0	0	X 
1071	2	887	0	0	0	0.000000	0.000000	30.000000	0	0	0	X 
1073	2	888	0	0	0	0.000000	0.000000	30.000000	0	0	0	X 
1075	2	889	0	0	0	0.000000	0.000000	30.000000	0	0	0	X 
1078	2	890	0	0	0	0.000000	0.000000	30.000000	0	0	0	X 
1080	2	891	0	0	0	0.000000	0.000000	30.000000	0	0	0	X 
1086	3	892	0	0	0	0.000000	0.000000	1.000000	0	0	0	X 
1101	37	905	0	0	0	0.000000	0.000000	1.000000	0	0	36	X 
1102	37	905	0	0	0	0.000000	0.000000	1.000000	0	0	38	X 
1106	2	906	0	0	0	0.000000	0.000000	15.000000	0	0	0	X 
1109	37	907	0	0	0	0.000000	0.000000	1.000000	0	0	38	X 
1113	2	908	0	0	0	0.000000	0.000000	15.000000	0	0	0	X 
1114	17	908	0	0	0	0.000000	0.000000	0.850000	0	0	0	X 
1118	23	906	0	115	0	0.000000	0.000000	15.000000	0	0	0	X 
1121	2	909	0	0	0	0.000000	0.000000	15.000000	0	0	0	X 
1122	23	909	0	121	0	0.000000	0.000000	15.000000	0	0	0	X 
1125	2	910	0	0	0	0.000000	0.000000	15.000000	0	0	0	X 
1126	23	910	0	110	0	0.000000	0.000000	15.000000	0	0	0	X 
1129	37	911	0	0	0	0.000000	0.000000	1.000000	0	0	36	X 
1132	22	912	1	0	0	0.000000	0.000000	20.000000	0	0	149	X 
1134	22	913	1	0	0	0.000000	0.000000	20.000000	0	0	154	X 
1136	22	914	1	0	0	0.000000	0.000000	20.000000	0	0	152	X 
1138	22	915	1	0	0	0.000000	0.000000	20.000000	0	0	157	X 
1140	22	916	1	0	0	0.000000	0.000000	20.000000	0	0	155	X 
1142	22	917	1	0	0	0.000000	0.000000	20.000000	0	0	156	X 
1144	22	918	1	0	0	0.000000	0.000000	20.000000	0	0	153	X 
1146	22	919	1	0	0	0.000000	0.000000	20.000000	0	0	147	X 
1148	22	920	1	0	0	0.000000	0.000000	20.000000	0	0	158	X 
1150	22	921	1	0	0	0.000000	0.000000	20.000000	0	0	150	X 
1152	22	922	1	0	0	0.000000	0.000000	20.000000	0	0	151	X 
1155	22	923	1	0	0	0.000000	0.000000	20.000000	0	0	148	X 
1188	23	952	0	110	0	0.000000	0.000000	75.000000	0	0	0	X 
1189	23	954	0	115	0	0.000000	0.000000	75.000000	0	0	0	X 
1190	23	953	0	121	0	0.000000	0.000000	75.000000	0	0	0	X 
1196	2	959	0	0	1	0.000000	0.000000	0.000000	0	0	0	X 
1197	6	960	0	0	0	0.000000	0.000000	30.000000	0	8	0	X 
1199	2	961	0	0	0	0.000000	0.000000	20.000000	0	0	0	X 
1201	23	962	0	110	0	0.000000	0.000000	30.000000	0	0	0	X 
1203	7	963	0	0	0	0.000000	0.000000	40.000000	0	8	0	X 
1205	17	964	0	0	0	0.000000	0.000000	0.750000	0	0	0	X 
1207	23	965	0	121	0	0.000000	0.000000	40.000000	0	0	0	X 
1209	7	966	0	0	0	0.000000	0.000000	50.000000	0	8	0	X 
1211	6	967	0	0	0	0.000000	0.000000	50.000000	0	8	0	X 
1213	2	968	0	0	0	0.000000	0.000000	30.000000	0	0	0	X 
1214	17	969	0	0	0	0.000000	0.000000	0.700000	0	0	0	X 
1215	23	970	0	115	0	0.000000	0.000000	50.000000	0	0	0	X 
1218	2	971	0	0	0	0.000000	0.000000	25.000000	0	0	0	X 
1219	17	971	0	0	0	0.000000	0.000000	0.750000	0	0	0	X 
1220	7	972	0	0	0	0.000000	0.000000	40.000000	0	8	0	X 
1221	23	972	0	115	0	0.000000	0.000000	40.000000	0	0	0	X 
1224	7	973	0	0	0	0.000000	0.000000	40.000000	0	8	0	X 
1225	23	973	0	121	0	0.000000	0.000000	40.000000	0	0	0	X 
1228	6	974	0	0	0	0.000000	0.000000	40.000000	0	8	0	X 
1229	23	974	0	115	0	0.000000	0.000000	40.000000	0	0	0	X 
1232	6	975	0	0	0	0.000000	0.000000	40.000000	0	8	0	X 
1233	23	975	0	110	0	0.000000	0.000000	40.000000	0	0	0	X 
1236	2	976	0	0	0	0.000000	0.000000	25.000000	0	0	0	X 
1237	23	976	0	121	0	0.000000	0.000000	40.000000	0	0	0	X 
1240	2	977	0	0	0	0.000000	0.000000	25.000000	0	0	0	X 
1241	23	977	0	110	0	0.000000	0.000000	40.000000	0	0	0	X 
1242	0	978	0	135	0	650.000000	800.000000	0.000000	0	0	0	X 
1251	2	987	0	0	1	0.000000	0.000000	-25.000000	0	0	0	X 
1252	2	988	0	0	1	0.000000	0.000000	-50.000000	0	0	0	X 
1253	2	989	0	0	1	0.000000	0.000000	-75.000000	0	0	0	X 
1254	2	990	0	0	1	0.000000	0.000000	-100.000000	0	0	0	X 
1256	7	991	0	0	0	0.000000	0.000000	30.000000	0	8	0	X 
1258	23	992	0	115	0	0.000000	0.000000	30.000000	0	0	0	X 
1259	17	993	0	0	0	0.000000	0.000000	0.800000	0	0	0	X 
1260	23	994	0	121	0	0.000000	0.000000	30.000000	0	0	0	X 
1261	23	995	0	110	0	0.000000	0.000000	50.000000	0	0	0	X 
1262	23	996	0	121	0	0.000000	0.000000	50.000000	0	0	0	X 
1263	2	997	0	0	0	0.000000	0.000000	25.000000	0	0	0	X 
1264	23	998	0	110	0	0.000000	0.000000	40.000000	0	0	0	X 
1265	23	999	0	115	0	0.000000	0.000000	40.000000	0	0	0	X 
1266	6	1000	0	0	0	0.000000	0.000000	40.000000	0	8	0	X 
1311	0	1042	0	138	0	650.000000	650.000000	0.000000	0	0	0	X 
1313	0	1043	0	147	0	650.000000	650.000000	0.000000	0	0	0	X 
1319	2	1046	0	0	0	0.000000	0.000000	-25.000000	0	0	0	X 
1323	23	1047	0	143	0	0.000000	0.000000	50.000000	0	0	0	X 
1330	2	1053	0	0	1	0.000000	0.000000	-25.000000	0	0	0	X 
1332	0	1054	0	141	0	0.000000	0.000000	100.000000	0	0	0	X 
1338	2	1056	0	0	0	0.000000	0.000000	15.000000	0	0	0	X 
1340	2	1057	0	0	0	0.000000	0.000000	15.000000	0	0	0	X 
1341	2	1058	0	0	0	0.000000	0.000000	15.000000	0	0	0	X 
1343	23	1059	0	139	0	0.000000	0.000000	50.000000	0	0	0	X 
1344	2	1060	0	0	0	0.000000	0.000000	15.000000	0	0	0	X 
1345	17	1061	0	0	0	0.000000	0.000000	-50.000000	0	0	0	X 
1347	0	1062	0	149	0	650.000000	900.000000	0.000000	0	0	0	X 
1349	13	1063	2	0	1	0.000000	0.000000	0.000000	0	0	0	X 
1350	2	1064	0	0	0	0.000000	0.000000	15.000000	0	0	0	X 
1351	2	1065	0	0	0	0.000000	0.000000	15.000000	0	0	0	X 
1352	2	1066	0	0	0	0.000000	0.000000	15.000000	0	0	0	X 
1353	23	1067	0	139	0	0.000000	0.000000	100.000000	0	0	0	X 
1354	23	1067	0	150	0	0.000000	0.000000	0.000000	0	0	0	X 
1356	2	1068	0	0	1	0.000000	0.000000	15.000000	0	0	0	X 
1358	24	1040	0	0	0	0.000000	0.000000	10.000000	0	0	0	X 
1364	2	1073	0	0	1	0.000000	0.000000	0.000000	0	0	0	X 
1370	17	1078	0	0	1	0.000000	0.000000	2.000000	0	0	0	X 
1371	39	1079	0	0	1	0.000000	0.000000	2.000000	0	0	1220	X 
1373	27	1080	0	0	1	0.000000	0.000000	1.000000	0	0	0	X 
1375	29	1081	0	0	1	0.000000	0.000000	-20000.000000	0	0	0	X 
1377	2	1082	0	0	1	0.000000	0.000000	0.000000	0	0	0	X 
1379	0	1083	0	143	0	100.000000	100.000000	0.000000	0	0	0	X 
1380	0	1084	0	144	0	100.000000	100.000000	0.000000	0	0	0	X 
1383	0	1085	0	142	0	100.000000	100.000000	0.000000	0	0	0	X 
1384	23	1086	0	144	0	0.000000	0.000000	30.000000	0	0	0	X 
1385	23	1087	0	144	0	0.000000	0.000000	30.000000	0	0	0	X 
1386	35	1088	0	0	0	0.000000	1.000000	50.000000	0	0	0	X 
1387	23	1089	0	144	0	0.000000	0.000000	30.000000	0	0	0	X 
1388	23	1090	0	142	0	0.000000	0.000000	30.000000	0	0	0	X 
1389	23	1091	0	143	0	0.000000	0.000000	30.000000	0	0	0	X 
1390	2	1092	0	0	0	650.000000	650.000000	20.000000	0	0	0	X 
1391	23	1093	0	142	0	0.000000	0.000000	30.000000	0	0	0	X 
1392	23	1094	0	144	0	0.000000	0.000000	30.000000	0	0	0	X 
1394	2	1096	0	0	0	0.000000	0.000000	15.000000	0	0	0	X 
1395	17	1097	0	0	0	0.000000	0.000000	0.500000	0	0	0	X 
1396	29	1098	0	0	0	0.000000	0.000000	30.000000	0	0	0	X 
1397	28	1099	0	0	0	0.000000	1.000000	1.000000	0	0	0	X 
1398	12	1100	0	0	0	0.000000	0.000000	0.000000	0	0	0	X 
1399	12	1101	0	0	0	0.000000	0.000000	0.000000	0	0	0	X 
1400	2	1099	0	0	0	0.000000	0.000000	25.000000	0	0	0	X 
1401	26	1102	2	0	0	0.000000	0.000000	20.000000	0	0	1063	X 
1402	26	1103	2	0	0	0.000000	0.000000	20.000000	0	0	1067	X 
1403	35	1104	2	0	0	0.000000	1.000000	50.000000	0	0	0	X 
1410	17	1111	0	0	0	0.000000	0.000000	0.500000	0	0	0	X 
1439	26	1112	2	0	0	0.000000	0.000000	20.000000	0	0	1063	X 
1440	2	1113	1	0	0	0.000000	0.000000	20.000000	0	0	0	X 
1441	26	1114	2	0	0	0.000000	0.000000	15.000000	0	0	1067	X 
1442	26	1114	2	0	0	0.000000	0.000000	15.000000	0	0	1063	X 
1443	26	1114	2	0	0	0.000000	0.000000	15.000000	0	0	1066	X 
1444	26	1114	2	0	0	0.000000	0.000000	15.000000	0	0	1064	X 
1445	26	1114	2	0	0	0.000000	0.000000	15.000000	0	0	1070	X 
1446	26	1114	2	0	0	0.000000	0.000000	15.000000	0	0	1071	X 
1447	26	1114	2	0	0	0.000000	0.000000	15.000000	0	0	1073	X 
1448	0	1115	0	141	0	0.000000	0.000000	100.000000	0	0	0	X 
1449	28	1116	7	0	0	-1.000000	0.000000	1.000000	0	0	0	X 
1451	24	1117	2	0	0	0.000000	0.000000	1.000000	0	0	0	X 
1453	25	1118	1	0	0	1.000000	1.000000	20.000000	0	0	0	X 
1455	17	1119	1	0	0	0.000000	0.000000	0.500000	0	0	0	X 
1456	2	1095	0	0	0	0.000000	0.000000	0.000000	0	0	0	X 
1457	2	1120	0	0	0	0.000000	0.000000	0.000000	0	0	0	X 
1459	25	1121	1	0	0	0.000000	1.000000	15.000000	0	0	0	X 
1467	26	1122	2	0	0	0.000000	0.000000	10.000000	0	0	1067	X 
1468	26	1122	2	0	0	0.000000	0.000000	15.000000	0	0	1063	X 
1469	26	1122	2	0	0	0.000000	0.000000	15.000000	0	0	1066	X 
1470	26	1122	2	0	0	0.000000	0.000000	15.000000	0	0	1064	X 
1471	26	1122	2	0	0	0.000000	0.000000	15.000000	0	0	1070	X 
1472	26	1122	2	0	0	0.000000	0.000000	15.000000	0	0	1071	X 
1473	26	1122	2	0	0	0.000000	0.000000	15.000000	0	0	1073	X 
1474	0	1123	0	141	0	0.000000	0.000000	100.000000	0	0	0	X 
1475	0	1124	0	141	0	0.000000	0.000000	100.000000	0	0	0	X 
1476	28	1125	1	0	0	-1.000000	0.000000	1.000000	0	0	0	X 
1478	17	1126	0	0	0	0.000000	0.000000	0.500000	0	0	0	X 
1490	26	1131	2	0	0	0.000000	0.000000	15.000000	0	0	1067	X 
1491	26	1131	2	0	0	0.000000	0.000000	15.000000	0	0	1063	X 
1492	26	1131	2	0	0	0.000000	0.000000	15.000000	0	0	1066	X 
1493	26	1131	2	0	0	0.000000	0.000000	15.000000	0	0	1064	X 
1494	26	1131	2	0	0	0.000000	0.000000	15.000000	0	0	1070	X 
1495	26	1131	2	0	0	0.000000	0.000000	15.000000	0	0	1071	X 
1496	26	1131	2	0	0	0.000000	0.000000	15.000000	0	0	1073	X 
1500	26	1102	2	0	0	0.000000	0.000000	20.000000	0	0	1064	X 
1502	26	1112	2	0	0	0.000000	0.000000	20.000000	0	0	1066	X 
1503	26	1103	2	0	0	0.000000	0.000000	20.000000	0	0	1071	X 
1504	26	1103	2	0	0	0.000000	0.000000	20.000000	0	0	1073	X 
1508	37	1132	0	0	0	0.000000	0.000000	1.000000	0	0	38	X 
1510	37	1133	0	0	0	0.000000	0.000000	1.000000	0	0	38	X 
1511	37	1134	0	0	0	0.000000	0.000000	1.000000	0	0	38	X 
1512	37	1135	0	0	0	0.000000	0.000000	1.000000	0	0	38	X 
1514	23	1136	0	115	0	0.000000	0.000000	15.000000	0	0	0	X 
1516	23	1137	0	115	0	0.000000	0.000000	15.000000	0	0	0	X 
1518	2	1138	0	0	0	0.000000	0.000000	10.000000	0	0	0	X 
1520	2	1139	0	0	0	0.000000	0.000000	10.000000	0	0	0	X 
1524	22	1140	0	0	1	0.000000	0.000000	-100.000000	0	0	193	X 
1525	2	1084	1	0	1	0.000000	0.000000	10.000000	0	0	0	X 
1527	2	1083	0	0	1	0.000000	0.000000	10.000000	0	0	0	X 
1529	2	1085	0	0	1	0.000000	0.000000	10.000000	0	0	0	X 
1537	28	1145	7	0	0	-1.000000	0.000000	1.000000	0	0	0	X 
1539	22	1140	0	0	0	0.000000	0.000000	-100.000000	0	0	194	X 
1549	2	1040	0	0	1	0.000000	0.000000	-25.000000	0	0	0	X 
1550	21	1146	0	0	0	0.000000	0.000000	50.000000	0	0	89481	X 
1551	21	1147	0	0	0	0.000000	0.000000	50.000000	0	0	89479	X 
1552	21	1148	0	0	0	0.000000	0.000000	50.000000	0	0	89469	X 
1553	21	1149	0	0	0	0.000000	0.000000	50.000000	0	0	89475	X 
1554	21	1150	0	0	0	0.000000	0.000000	50.000000	0	0	89471	X 
1555	21	1151	0	0	0	0.000000	0.000000	50.000000	0	0	89467	X 
1556	21	1152	0	0	0	0.000000	0.000000	50.000000	0	0	89477	X 
1557	21	1153	0	0	0	0.000000	0.000000	50.000000	0	0	89466	X 
1558	21	1154	0	0	0	0.000000	0.000000	50.000000	0	0	89471	X 
1559	2	1155	0	0	0	0.000000	0.000000	5.000000	0	0	0	X 
1560	17	1156	0	0	0	0.000000	0.000000	0.800000	0	0	0	X 
1561	33	1157	0	0	0	0.000000	0.000000	10.000000	0	0	0	X 
1650	23	1246	0	115	0	0.000000	0.000000	10.000000	0	0	0	X 
1658	2	1252	0	0	0	0.000000	0.000000	40.000000	0	0	0	X 
1661	2	1253	0	0	0	0.000000	0.000000	20.000000	0	0	0	X 
1662	2	1253	0	0	0	0.000000	0.000000	5.000000	0	0	0	X 
1664	34	1254	0	0	0	0.000000	0.000000	2.000000	0	0	193	X 
1667	2	1255	0	0	0	0.000000	0.000000	20.000000	0	0	0	X 
1669	2	1256	0	0	0	0.000000	0.000000	10.000000	0	0	0	X 
1672	2	1257	0	0	0	0.000000	0.000000	15.000000	0	0	0	X 
1674	2	1258	0	0	0	0.000000	0.000000	15.000000	0	0	0	X 
