57	43	1	0	X 
58	2	1	0	X 
63	44	32	0	X 
64	36	2	0	X 
66	5	33	0	X 
67	45	34	0	X 
68	54	1	0	X 
70	55	4	0	X 
71	55	5	0	X 
72	56	7	0	X 
73	56	35	0	X 
74	57	36	0	X 
75	57	37	0	X 
76	58	38	0	X 
77	58	39	0	X 
78	59	40	0	X 
79	59	41	0	X 
80	60	42	0	X 
81	60	43	0	X 
82	61	44	0	X 
83	61	45	0	X 
84	62	46	0	X 
85	62	47	0	X 
86	63	48	0	X 
87	63	49	0	X 
89	64	50	0	X 
92	67	52	0	X 
93	67	53	0	X 
94	66	54	0	X 
95	6	55	0	X 
97	3	57	0	X 
98	86	58	0	X 
101	88	60	0	X 
104	89	61	0	X 
105	89	62	0	X 
108	107	63	0	X 
111	108	66	0	X 
112	108	67	0	X 
114	109	69	0	X 
115	110	70	0	X 
116	110	71	0	X 
117	111	72	0	X 
118	112	73	0	X 
119	112	74	0	X 
120	113	75	0	X 
121	113	76	0	X 
122	114	77	0	X 
123	114	78	0	X 
124	115	79	0	X 
125	115	80	0	X 
126	116	81	0	X 
127	116	82	0	X 
128	117	84	0	X 
129	118	85	0	X 
130	117	86	0	X 
131	117	87	0	X 
132	118	88	0	X 
136	119	90	0	X 
137	120	91	0	X 
139	120	93	0	X 
150	125	95	0	X 
151	125	96	0	X 
155	126	97	0	X 
157	126	99	0	X 
159	127	101	0	X 
160	128	103	0	X 
161	128	102	0	X 
162	128	104	0	X 
163	129	105	0	X 
164	129	106	0	X 
165	129	107	0	X 
166	130	108	0	X 
168	130	110	0	X 
169	131	111	0	X 
172	132	112	0	X 
177	133	115	0	X 
178	133	116	0	X 
180	135	118	0	X 
181	136	119	0	X 
182	137	156	0	X 
183	183	166	0	X 
184	171	154	0	X 
185	138	121	0	X 
186	139	122	0	X 
187	140	123	0	X 
188	184	167	0	X 
189	172	155	0	X 
190	141	124	0	X 
191	142	125	0	X 
192	143	126	0	X 
193	185	106	0	X 
194	173	120	0	X 
195	144	127	0	X 
196	145	128	0	X 
197	146	129	0	X 
199	174	157	0	X 
200	147	130	0	X 
201	148	131	0	X 
202	149	132	0	X 
203	187	170	0	X 
204	175	158	0	X 
205	150	133	0	X 
206	151	134	0	X 
207	152	135	0	X 
208	188	171	0	X 
209	176	159	0	X 
210	153	139	0	X 
213	189	172	0	X 
214	177	160	0	X 
215	156	139	0	X 
216	157	140	0	X 
217	158	141	0	X 
218	190	173	0	X 
219	178	161	0	X 
220	159	142	0	X 
221	160	143	0	X 
222	161	144	0	X 
223	191	174	0	X 
224	179	162	0	X 
225	162	145	0	X 
226	163	146	0	X 
227	164	147	0	X 
228	192	175	0	X 
230	165	148	0	X 
231	180	163	0	X 
232	166	149	0	X 
233	167	150	0	X 
234	193	176	0	X 
235	181	164	0	X 
236	168	151	0	X 
237	169	152	0	X 
238	170	153	0	X 
239	194	177	0	X 
240	182	165	0	X 
241	195	124	0	X 
242	195	106	0	X 
244	196	82	0	X 
246	196	83	0	X 
247	197	159	0	X 
248	197	178	0	X 
249	198	66	0	X 
250	198	135	0	X 
251	199	136	0	X 
252	199	179	0	X 
253	199	180	0	X 
254	200	98	0	X 
255	200	76	0	X 
256	200	99	0	X 
257	201	95	0	X 
258	201	71	0	X 
259	201	96	0	X 
260	202	142	0	X 
261	202	147	0	X 
262	202	181	0	X 
263	203	182	0	X 
264	203	183	0	X 
265	204	149	0	X 
266	204	184	0	X 
267	205	62	0	X 
268	205	61	0	X 
270	206	186	0	X 
271	207	68	0	X 
272	207	187	0	X 
273	208	100	0	X 
274	208	101	0	X 
275	209	188	0	X 
277	209	190	0	X 
278	210	160	0	X 
279	210	138	0	X 
280	210	191	0	X 
281	211	192	0	X 
282	211	193	0	X 
283	211	194	0	X 
284	212	163	0	X 
285	212	73	0	X 
286	215	196	0	X 
287	213	197	0	X 
288	213	152	0	X 
289	213	198	0	X 
290	214	199	0	X 
291	214	200	0	X 
292	214	201	0	X 
294	154	137	0	X 
295	155	138	0	X 
296	217	202	0	X 
297	218	203	0	X 
299	219	204	0	X 
300	220	205	0	X 
301	221	206	0	X 
302	222	207	0	X 
303	223	208	0	X 
305	224	209	0	X 
306	224	210	0	X 
308	87	51	0	X 
309	65	59	0	X 
311	228	211	0	X 
313	229	212	0	X 
314	230	213	0	X 
316	231	214	0	X 
317	232	215	0	X 
318	232	216	0	X 
320	240	4	0	X 
321	240	5	0	X 
322	241	4	0	X 
323	241	5	0	X 
326	242	217	0	X 
329	243	218	0	X 
331	244	219	0	X 
332	244	220	0	X 
335	245	221	0	X 
336	245	222	0	X 
337	90	223	0	X 
338	254	255	0	X 
339	254	257	0	X 
340	254	260	0	X 
341	255	247	0	X 
342	255	249	0	X 
343	255	253	0	X 
344	256	263	0	X 
345	256	267	0	X 
346	256	269	0	X 
347	257	281	0	X 
348	257	285	0	X 
349	257	289	0	X 
350	258	224	0	X 
351	258	229	0	X 
352	258	230	0	X 
353	251	232	0	X 
354	251	236	0	X 
355	251	238	0	X 
356	253	271	0	X 
357	253	276	0	X 
358	253	280	0	X 
359	249	284	0	X 
360	249	287	0	X 
361	249	290	0	X 
363	265	285	0	X 
364	265	287	0	X 
365	265	289	0	X 
366	267	233	0	X 
368	267	238	0	X 
369	264	265	0	X 
370	264	266	0	X 
371	264	268	0	X 
373	266	229	0	X 
374	266	230	0	X 
375	268	240	0	X 
376	268	241	0	X 
377	268	245	0	X 
378	269	273	0	X 
379	269	272	0	X 
380	269	274	0	X 
381	259	233	0	X 
382	259	235	0	X 
383	259	237	0	X 
384	260	242	0	X 
385	260	244	0	X 
386	260	245	0	X 
387	261	276	0	X 
388	261	277	0	X 
389	261	280	0	X 
390	262	256	0	X 
391	262	258	0	X 
392	262	261	0	X 
393	263	247	0	X 
394	263	250	0	X 
395	263	253	0	X 
396	252	242	0	X 
397	252	244	0	X 
398	252	246	0	X 
399	250	227	0	X 
400	250	228	0	X 
401	250	230	0	X 
402	248	262	0	X 
403	248	264	0	X 
404	248	269	0	X 
405	247	250	0	X 
406	247	252	0	X 
407	247	253	0	X 
408	270	1	0	X 
411	275	200	0	X 
412	275	201	0	X 
413	275	291	0	X 
414	274	292	0	X 
415	274	293	0	X 
416	273	295	0	X 
417	273	294	0	X 
418	273	296	0	X 
419	272	297	0	X 
420	271	298	0	X 
421	271	299	0	X 
422	276	300	0	X 
423	276	142	0	X 
424	276	301	0	X 
426	277	302	0	X 
427	242	303	0	X 
428	278	304	0	X 
430	279	306	0	X 
431	280	307	0	X 
432	280	308	0	X 
433	281	309	0	X 
434	281	310	0	X 
435	282	311	0	X 
436	283	312	0	X 
437	283	313	0	X 
438	42	4	0	X 
439	42	5	0	X 
441	284	314	0	X 
443	285	315	0	X 
445	286	317	0	X 
448	287	321	0	X 
449	289	322	0	X 
451	289	324	0	X 
452	288	325	0	X 
453	288	326	0	X 
455	297	346	0	X 
456	305	345	0	X 
457	305	347	0	X 
459	298	341	0	X 
460	306	339	0	X 
461	306	342	0	X 
462	290	341	0	X 
463	290	342	0	X 
465	299	350	0	X 
466	307	349	0	X 
467	307	351	0	X 
468	291	350	0	X 
469	291	351	0	X 
470	300	357	0	X 
472	292	359	0	X 
474	292	361	0	X 
475	308	358	0	X 
476	308	361	0	X 
477	301	327	0	X 
479	309	328	0	X 
480	309	329	0	X 
481	293	328	0	X 
482	293	330	0	X 
483	294	331	0	X 
484	294	332	0	X 
485	310	332	0	X 
486	310	333	0	X 
487	302	331	0	X 
488	302	334	0	X 
489	296	352	0	X 
490	296	353	0	X 
491	312	354	0	X 
492	312	356	0	X 
493	304	353	0	X 
494	304	355	0	X 
495	311	335	0	X 
496	311	338	0	X 
497	303	336	0	X 
498	303	337	0	X 
499	295	337	0	X 
500	295	338	0	X 
501	321	362	0	X 
502	321	363	0	X 
504	313	362	0	X 
505	313	363	0	X 
507	325	362	0	X 
508	325	363	0	X 
510	317	362	0	X 
511	317	363	0	X 
531	327	363	0	X 
534	319	363	0	X 
549	321	365	0	X 
550	313	365	0	X 
551	325	365	0	X 
552	317	365	0	X 
556	314	364	0	X 
557	314	366	0	X 
558	314	367	0	X 
559	326	364	0	X 
560	326	366	0	X 
561	326	367	0	X 
562	318	364	0	X 
563	318	366	0	X 
564	318	367	0	X 
565	322	364	0	X 
566	322	366	0	X 
567	322	367	0	X 
568	323	363	0	X 
569	323	367	0	X 
570	323	368	0	X 
571	315	363	0	X 
572	315	367	0	X 
573	315	368	0	X 
574	327	367	0	X 
575	327	368	0	X 
576	319	367	0	X 
577	319	368	0	X 
578	324	362	0	X 
579	324	365	0	X 
580	324	368	0	X 
581	316	362	0	X 
582	316	365	0	X 
583	316	368	0	X 
584	328	362	0	X 
585	328	365	0	X 
586	328	368	0	X 
587	320	362	0	X 
588	320	365	0	X 
589	320	368	0	X 
590	329	369	0	X 
591	331	370	0	X 
592	330	371	0	X 
593	332	89	0	X 
597	334	222	0	X 
598	334	372	0	X 
599	334	373	0	X 
600	335	374	0	X 
601	335	375	0	X 
602	336	376	0	X 
603	336	377	0	X 
608	337	382	0	X 
609	338	388	0	X 
610	338	383	0	X 
611	338	396	0	X 
612	339	385	0	X 
613	339	387	0	X 
614	339	398	0	X 
615	340	384	0	X 
616	340	389	0	X 
617	340	399	0	X 
618	341	386	0	X 
619	341	397	0	X 
620	341	387	0	X 
621	342	399	0	X 
622	342	398	0	X 
623	342	396	0	X 
627	343	395	0	X 
628	343	391	0	X 
629	343	400	0	X 
630	344	393	0	X 
631	344	394	0	X 
632	344	401	0	X 
633	345	402	0	X 
634	345	389	0	X 
635	345	403	0	X 
636	346	392	0	X 
637	346	390	0	X 
638	346	394	0	X 
639	347	403	0	X 
640	347	401	0	X 
641	347	400	0	X 
642	348	395	0	X 
643	348	391	0	X 
644	348	400	0	X 
645	349	393	0	X 
646	349	394	0	X 
647	349	401	0	X 
648	350	402	0	X 
649	350	389	0	X 
650	350	403	0	X 
651	351	392	0	X 
652	351	390	0	X 
653	351	394	0	X 
654	352	403	0	X 
655	352	401	0	X 
656	352	400	0	X 
657	353	388	0	X 
658	353	383	0	X 
659	353	396	0	X 
660	354	385	0	X 
661	354	387	0	X 
662	354	398	0	X 
663	355	384	0	X 
664	355	389	0	X 
665	355	399	0	X 
666	356	386	0	X 
667	356	397	0	X 
668	356	387	0	X 
669	357	399	0	X 
670	357	398	0	X 
671	357	396	0	X 
672	358	404	0	X 
673	359	405	0	X 
677	360	406	0	X 
678	360	291	0	X 
679	360	220	0	X 
683	361	407	0	X 
684	361	408	0	X 
685	361	409	0	X 
686	362	410	0	X 
687	362	411	0	X 
688	362	412	0	X 
689	363	410	0	X 
690	363	411	0	X 
691	363	412	0	X 
693	364	413	0	X 
694	365	414	0	X 
695	365	415	0	X 
697	186	416	0	X 
698	366	417	0	X 
699	367	418	0	X 
700	368	419	0	X 
701	369	420	0	X 
702	370	421	0	X 
703	371	422	0	X 
704	372	423	0	X 
705	373	424	0	X 
706	374	425	0	X 
707	375	426	0	X 
708	376	427	0	X 
709	377	428	0	X 
710	390	429	0	X 
711	389	298	0	X 
712	383	430	0	X 
714	394	432	0	X 
716	378	131	0	X 
719	400	436	0	X 
720	388	103	0	X 
721	384	150	0	X 
722	380	89	0	X 
723	397	437	0	X 
724	396	107	0	X 
725	386	62	0	X 
726	393	95	0	X 
727	391	215	0	X 
728	387	301	0	X 
729	379	440	0	X 
731	398	442	0	X 
732	392	443	0	X 
733	382	444	0	X 
734	381	445	0	X 
735	403	446	0	X 
736	403	447	0	X 
737	403	448	0	X 
738	404	449	0	X 
739	404	450	0	X 
740	404	451	0	X 
741	405	452	0	X 
742	405	453	0	X 
743	405	454	0	X 
744	406	455	0	X 
745	406	456	0	X 
746	406	457	0	X 
747	407	458	0	X 
748	407	459	0	X 
749	407	460	0	X 
750	408	461	0	X 
751	408	462	0	X 
752	408	463	0	X 
753	409	464	0	X 
754	409	465	0	X 
755	409	466	0	X 
756	410	467	0	X 
757	410	468	0	X 
758	410	469	0	X 
759	411	470	0	X 
760	411	471	0	X 
761	411	472	0	X 
762	412	473	0	X 
763	412	474	0	X 
764	412	475	0	X 
765	413	476	0	X 
766	413	477	0	X 
767	413	478	0	X 
768	385	67	0	X 
769	380	164	0	X 
771	154	80	0	X 
772	160	436	0	X 
773	166	64	0	X 
774	169	197	0	X 
775	209	189	0	X 
780	415	482	0	X 
781	416	483	0	X 
782	417	484	0	X 
784	418	485	0	X 
786	419	486	0	X 
787	418	487	0	X 
789	414	481	0	X 
790	421	488	0	X 
791	422	489	0	X 
792	423	490	0	X 
793	424	491	0	X 
794	425	492	0	X 
795	426	493	0	X 
796	426	494	0	X 
797	426	495	0	X 
801	427	496	0	X 
802	427	497	0	X 
803	427	498	0	X 
804	428	499	0	X 
805	428	500	0	X 
806	428	501	0	X 
807	429	502	0	X 
808	429	503	0	X 
809	429	504	0	X 
810	430	505	0	X 
811	432	298	0	X 
812	432	211	0	X 
813	433	96	0	X 
814	433	175	0	X 
815	434	376	0	X 
817	435	187	0	X 
818	435	130	0	X 
819	436	185	0	X 
820	436	77	0	X 
821	436	207	0	X 
822	437	65	0	X 
823	437	220	0	X 
824	437	165	0	X 
825	434	179	0	X 
826	434	441	0	X 
827	438	298	0	X 
828	438	211	0	X 
829	439	96	0	X 
830	439	175	0	X 
831	440	376	0	X 
832	440	179	0	X 
833	440	441	0	X 
834	441	187	0	X 
835	441	130	0	X 
836	442	185	0	X 
837	442	77	0	X 
838	442	207	0	X 
839	443	65	0	X 
840	443	220	0	X 
841	443	165	0	X 
845	444	299	0	X 
847	445	294	0	X 
849	445	506	0	X 
850	395	133	0	X 
851	395	134	0	X 
852	401	183	0	X 
853	401	177	0	X 
854	446	496	0	X 
855	446	497	0	X 
856	446	498	0	X 
857	447	499	0	X 
858	447	500	0	X 
859	447	501	0	X 
860	448	502	0	X 
861	448	503	0	X 
862	448	504	0	X 
863	449	505	0	X 
864	450	496	0	X 
865	450	497	0	X 
866	450	498	0	X 
867	451	499	0	X 
868	451	500	0	X 
869	451	501	0	X 
870	452	502	0	X 
871	452	503	0	X 
872	452	504	0	X 
873	453	505	0	X 
874	454	496	0	X 
875	454	497	0	X 
876	454	498	0	X 
877	455	499	0	X 
878	455	500	0	X 
879	455	501	0	X 
880	456	502	0	X 
881	456	503	0	X 
882	456	504	0	X 
883	457	505	0	X 
885	391	94	0	X 
887	399	179	0	X 
888	396	120	0	X 
891	381	444	0	X 
892	392	138	0	X 
893	392	191	0	X 
894	384	165	0	X 
895	384	164	0	X 
896	402	507	0	X 
897	402	508	0	X 
900	91	509	0	X 
901	7	510	0	X 
904	459	83	0	X 
905	460	83	0	X 
907	462	76	0	X 
908	463	94	0	X 
909	463	70	0	X 
910	464	165	0	X 
912	464	90	0	X 
913	465	119	0	X 
914	466	119	0	X 
915	467	202	0	X 
917	468	185	0	X 
918	469	155	0	X 
919	470	449	0	X 
920	471	131	0	X 
921	472	187	0	X 
923	473	191	0	X 
924	473	138	0	X 
925	474	511	0	X 
928	475	216	0	X 
929	475	96	0	X 
930	477	103	0	X 
931	477	220	0	X 
932	477	219	0	X 
933	478	176	0	X 
934	478	507	0	X 
937	479	78	0	X 
938	479	77	0	X 
939	476	146	0	X 
940	476	175	0	X 
941	461	209	0	X 
942	458	173	0	X 
943	458	512	0	X 
944	480	174	0	X 
945	480	217	0	X 
946	480	303	0	X 
961	481	175	0	X 
962	481	113	0	X 
963	483	437	0	X 
964	483	61	0	X 
965	485	135	0	X 
966	485	318	0	X 
967	489	433	0	X 
968	489	200	0	X 
969	487	95	0	X 
970	487	162	0	X 
971	491	513	0	X 
973	482	516	0	X 
974	482	515	0	X 
975	484	222	0	X 
976	484	372	0	X 
977	484	373	0	X 
978	486	436	0	X 
979	486	203	0	X 
980	486	416	0	X 
981	490	517	0	X 
982	490	201	0	X 
983	488	133	0	X 
984	488	122	0	X 
985	488	80	0	X 
986	492	199	0	X 
987	492	201	0	X 
988	492	200	0	X 
989	493	518	0	X 
990	494	519	0	X 
991	398	72	0	X 
992	495	70	0	X 
993	495	216	0	X 
994	495	520	0	X 
995	394	521	0	X 
996	394	68	0	X 
997	496	182	0	X 
998	496	516	0	X 
999	497	222	0	X 
1000	497	372	0	X 
1001	497	373	0	X 
1002	498	70	0	X 
1003	498	71	0	X 
1004	499	520	0	X 
1005	499	216	0	X 
1006	499	522	0	X 
1007	500	508	0	X 
1008	500	434	0	X 
1009	444	314	0	X 
1010	395	178	0	X 
1011	401	516	0	X 
1012	396	85	0	X 
1013	381	523	0	X 
1014	445	78	0	X 
1015	391	326	0	X 
1016	399	72	0	X 
1017	379	524	0	X 
1018	397	72	0	X 
1019	503	525	0	X 
1020	504	369	0	X 
1024	509	530	0	X 
1025	508	529	0	X 
1026	508	528	0	X 
1027	508	523	0	X 
1037	515	544	0	X 
1038	515	548	0	X 
1039	515	546	0	X 
1058	529	529	0	X 
1061	530	553	0	X 
1062	530	554	0	X 
1063	530	555	0	X 
1070	532	556	0	X 
1071	531	557	0	X 
1072	531	558	0	X 
1080	594	626	0	X 
1086	627	552	0	X 
1103	637	632	0	X 
1121	524	544	0	X 
1122	524	598	0	X 
1123	533	544	0	X 
1124	533	578	0	X 
1125	534	578	0	X 
1128	644	618	0	X 
1129	644	591	0	X 
1131	562	618	0	X 
1132	562	591	0	X 
1134	643	618	0	X 
1135	643	591	0	X 
1138	642	618	0	X 
1139	642	591	0	X 
1143	534	594	0	X 
1148	536	544	0	X 
1149	536	578	0	X 
1150	537	544	0	X 
1151	537	622	0	X 
1152	537	622	0	X 
1153	538	626	0	X 
1156	539	576	0	X 
1158	540	626	0	X 
1162	542	575	0	X 
1165	544	544	0	X 
1166	544	569	0	X 
1167	544	570	0	X 
1168	545	544	0	X 
1171	547	580	0	X 
1174	548	544	0	X 
1175	548	624	0	X 
1176	548	569	0	X 
1177	549	544	0	X 
1179	550	544	0	X 
1180	551	544	0	X 
1182	552	544	0	X 
1183	552	598	0	X 
1184	553	544	0	X 
1186	554	581	0	X 
1188	555	585	0	X 
1190	556	544	0	X 
1191	556	575	0	X 
1198	540	608	0	X 
1199	628	636	0	X 
1206	640	635	0	X 
1207	640	638	0	X 
1208	641	636	0	X 
1209	641	637	0	X 
1210	631	636	0	X 
1211	631	635	0	X 
1214	632	637	0	X 
1215	645	531	0	X 
1217	646	639	0	X 
1219	646	640	0	X 
1220	637	642	0	X 
1226	591	529	0	X 
1227	590	770	0	X 
1233	612	660	0	X 
1235	602	529	0	X 
1237	608	655	0	X 
1238	608	795	0	X 
1240	600	661	0	X 
1241	610	660	0	X 
1243	604	647	0	X 
1245	606	788	0	X 
1246	606	799	0	X 
1248	598	660	0	X 
1250	609	647	0	X 
1251	601	529	0	X 
1253	605	657	0	X 
1254	605	791	0	X 
1257	613	655	0	X 
1258	613	800	0	X 
1259	611	529	0	X 
1260	611	660	0	X 
1261	603	529	0	X 
1262	603	771	0	X 
1263	607	799	0	X 
1264	607	809	0	X 
1265	599	529	0	X 
1267	595	626	0	X 
1268	595	800	0	X 
1269	596	626	0	X 
1271	528	543	0	X 
1273	566	775	0	X 
1274	567	543	0	X 
1277	572	626	0	X 
1278	571	626	0	X 
1279	570	626	0	X 
1280	587	543	0	X 
1285	582	823	0	X 
1294	582	817	0	X 
1296	576	688	0	X 
1297	588	689	0	X 
1299	580	674	0	X 
1301	584	679	0	X 
1302	584	830	0	X 
1303	574	689	0	X 
1304	585	688	0	X 
1305	577	543	0	X 
1307	581	822	0	X 
1308	581	813	0	X 
1312	579	543	0	X 
1313	579	774	0	X 
1314	583	823	0	X 
1315	583	831	0	X 
1316	575	543	0	X 
1318	570	822	0	X 
1319	571	831	0	X 
1322	525	543	0	X 
1325	557	596	0	X 
1328	558	584	0	X 
1329	558	579	0	X 
1330	559	529	0	X 
1331	559	604	0	X 
1332	560	600	0	X 
1333	560	607	0	X 
1335	561	543	0	X 
1336	561	568	0	X 
1337	563	626	0	X 
1338	563	600	0	X 
1339	563	565	0	X 
1340	564	626	0	X 
1341	564	618	0	X 
1342	564	591	0	X 
1343	565	626	0	X 
1344	565	600	0	X 
1345	565	621	0	X 
1346	647	544	0	X 
1347	647	618	0	X 
1356	617	626	0	X 
1359	620	626	0	X 
1362	621	626	0	X 
1365	614	626	0	X 
1366	614	610	0	X 
1367	614	600	0	X 
1368	648	698	0	X 
1369	648	699	0	X 
1380	536	581	0	X 
1388	552	581	0	X 
1389	553	597	0	X 
1391	615	583	0	X 
1394	618	626	0	X 
1397	622	544	0	X 
1400	647	575	0	X 
1401	619	544	0	X 
1402	619	581	0	X 
1404	653	552	0	X 
1405	654	552	0	X 
1406	655	552	0	X 
1407	656	552	0	X 
1408	657	552	0	X 
1409	658	552	0	X 
1414	516	642	0	X 
1415	616	544	0	X 
1416	639	642	0	X 
1417	639	632	0	X 
1421	659	636	0	X 
1423	660	636	0	X 
1424	660	637	0	X 
1425	661	636	0	X 
1426	661	637	0	X 
1427	662	637	0	X 
1428	527	636	0	X 
1439	526	702	0	X 
1440	630	703	0	X 
1441	659	626	0	X 
1442	629	551	0	X 
1466	663	704	0	X 
1467	663	705	0	X 
1468	664	707	0	X 
1469	664	706	0	X 
1470	665	708	0	X 
1471	666	709	0	X 
1472	667	710	0	X 
1473	667	711	0	X 
1474	649	543	0	X 
1479	668	717	0	X 
1480	669	718	0	X 
1481	669	719	0	X 
1482	670	720	0	X 
1483	670	721	0	X 
1484	671	722	0	X 
1485	671	723	0	X 
1486	672	724	0	X 
1487	672	725	0	X 
1488	673	726	0	X 
1489	673	727	0	X 
1490	674	728	0	X 
1491	674	729	0	X 
1492	675	730	0	X 
1493	675	731	0	X 
1494	676	732	0	X 
1495	676	733	0	X 
1496	677	734	0	X 
1497	677	735	0	X 
1503	680	740	0	X 
1504	680	741	0	X 
1505	680	742	0	X 
1506	678	743	0	X 
1507	678	744	0	X 
1508	678	745	0	X 
1509	679	746	0	X 
1510	679	747	0	X 
1511	679	748	0	X 
1512	681	749	0	X 
1513	681	750	0	X 
1514	681	751	0	X 
1515	682	752	0	X 
1516	682	753	0	X 
1517	682	754	0	X 
1518	683	755	0	X 
1519	683	756	0	X 
1520	683	757	0	X 
1521	684	758	0	X 
1522	684	759	0	X 
1523	684	760	0	X 
1524	685	761	0	X 
1525	685	762	0	X 
1526	685	763	0	X 
1527	687	764	0	X 
1528	687	765	0	X 
1529	687	766	0	X 
1530	686	767	0	X 
1531	686	768	0	X 
1532	686	769	0	X 
1536	689	596	0	X 
1545	692	686	0	X 
1547	692	676	0	X 
1548	693	664	0	X 
1549	693	649	0	X 
1569	690	568	0	X 
1570	691	544	0	X 
1571	691	576	0	X 
1572	690	582	0	X 
1573	691	597	0	X 
1574	688	570	0	X 
1576	689	602	0	X 
1579	517	663	0	X 
1582	519	543	0	X 
1584	519	693	0	X 
1587	651	562	0	X 
1588	520	584	0	X 
1590	518	622	0	X 
1591	652	622	0	X 
1597	698	603	0	X 
1598	698	595	0	X 
1600	699	601	0	X 
1601	699	595	0	X 
1603	694	580	0	X 
1604	694	586	0	X 
1605	695	607	0	X 
1608	696	606	0	X 
1610	697	544	0	X 
1611	697	584	0	X 
1612	697	594	0	X 
1613	594	657	0	X 
1615	623	552	0	X 
1616	624	678	0	X 
1617	624	626	0	X 
1618	625	561	0	X 
1619	626	684	0	X 
1620	701	572	0	X 
1621	701	569	0	X 
1623	702	545	0	X 
1624	702	606	0	X 
1625	702	617	0	X 
1626	703	545	0	X 
1627	703	576	0	X 
1628	703	599	0	X 
1629	704	606	0	X 
1630	704	569	0	X 
1632	705	572	0	X 
1633	705	569	0	X 
1635	706	545	0	X 
1636	706	606	0	X 
1637	706	617	0	X 
1638	707	545	0	X 
1639	707	576	0	X 
1640	707	599	0	X 
1641	708	606	0	X 
1642	708	569	0	X 
1644	709	572	0	X 
1645	709	569	0	X 
1647	710	545	0	X 
1648	710	606	0	X 
1649	710	617	0	X 
1650	711	545	0	X 
1651	711	576	0	X 
1652	711	599	0	X 
1653	712	606	0	X 
1654	712	569	0	X 
1656	713	572	0	X 
1657	713	569	0	X 
1659	714	545	0	X 
1660	714	606	0	X 
1661	714	617	0	X 
1662	715	545	0	X 
1663	715	576	0	X 
1664	715	599	0	X 
1665	716	606	0	X 
1666	716	569	0	X 
1671	718	529	0	X 
1673	718	645	0	X 
1674	719	529	0	X 
1676	719	656	0	X 
1680	721	544	0	X 
1682	722	529	0	X 
1684	723	545	0	X 
1686	724	529	0	X 
1687	724	619	0	X 
1688	725	544	0	X 
1690	726	529	0	X 
1692	727	545	0	X 
1694	728	529	0	X 
1695	728	619	0	X 
1698	730	544	0	X 
1701	731	562	0	X 
1702	732	544	0	X 
1703	732	569	0	X 
1706	734	544	0	X 
1709	735	584	0	X 
1710	736	544	0	X 
1711	736	569	0	X 
1715	738	543	0	X 
1717	738	675	0	X 
1721	740	685	0	X 
1724	741	773	0	X 
1725	741	782	0	X 
1727	742	777	0	X 
1728	742	824	0	X 
1733	578	543	0	X 
1744	597	656	0	X 
1745	599	646	0	X 
1747	575	677	0	X 
1754	561	576	0	X 
1758	556	569	0	X 
1759	721	580	0	X 
1762	725	580	0	X 
1769	745	626	0	X 
1770	551	563	0	X 
1771	535	564	0	X 
1772	535	581	0	X 
1773	545	598	0	X 
1775	547	606	0	X 
1776	539	597	0	X 
1777	540	590	0	X 
1780	542	544	0	X 
1784	615	840	0	X 
1793	514	672	0	X 
1794	746	593	0	X 
1795	746	701	0	X 
1798	638	676	0	X 
1799	522	676	0	X 
1801	729	598	0	X 
1802	733	598	0	X 
1804	636	649	0	X 
1805	523	649	0	X 
1806	730	581	0	X 
1807	734	581	0	X 
1817	633	845	0	X 
1818	633	586	0	X 
1819	634	568	0	X 
1820	634	598	0	X 
1821	634	545	0	X 
1822	750	544	0	X 
1823	750	600	0	X 
1824	750	594	0	X 
1828	752	844	0	X 
1829	752	585	0	X 
1830	752	599	0	X 
1831	751	573	0	X 
1832	751	580	0	X 
1833	751	582	0	X 
1834	505	618	0	X 
1835	549	593	0	X 
1836	550	577	0	X 
1837	541	577	0	X 
1839	541	545	0	X 
1840	538	582	0	X 
1841	557	545	0	X 
1844	602	661	0	X 
1845	528	688	0	X 
1846	529	661	0	X 
1847	591	645	0	X 
1848	567	675	0	X 
1849	586	689	0	X 
1850	578	688	0	X 
1851	577	677	0	X 
1852	601	646	0	X 
1853	587	660	0	X 
1855	569	674	0	X 
1856	569	677	0	X 
1857	592	647	0	X 
1858	592	646	0	X 
1859	568	543	0	X 
1861	593	529	0	X 
1863	593	656	0	X 
1864	568	693	0	X 
1865	600	654	0	X 
1866	597	770	0	X 
1867	596	803	0	X 
1868	598	649	0	X 
1869	576	695	0	X 
1870	574	676	0	X 
1871	573	775	0	X 
1872	573	693	0	X 
1873	572	834	0	X 
1874	589	831	0	X 
1875	589	823	0	X 
1876	525	580	0	X 
1877	546	590	0	X 
1878	619	596	0	X 
1879	739	817	0	X 
1882	737	675	0	X 
1883	737	676	0	X 
1884	720	622	0	X 
1885	722	598	0	X 
1886	723	571	0	X 
1887	726	598	0	X 
1888	727	571	0	X 
1890	754	531	0	X 
1892	756	531	0	X 
1893	649	712	0	X 
1894	649	714	0	X 
1895	616	713	0	X 
1896	616	714	0	X 
1897	650	736	0	X 
1898	650	716	0	X 
1899	620	739	0	X 
1900	620	712	0	X 
1901	622	738	0	X 
1902	622	737	0	X 
1903	621	736	0	X 
1904	621	713	0	X 
1905	617	739	0	X 
1906	617	737	0	X 
1907	618	736	0	X 
1908	618	739	0	X 
1909	650	545	0	X 
1911	757	846	0	X 
1912	758	556	0	X 
1913	759	531	0	X 
1914	760	533	0	X 
1915	760	534	0	X 
1916	761	556	0	X 
1917	762	531	0	X 
1918	763	533	0	X 
1919	763	534	0	X 
1920	764	556	0	X 
1921	543	581	0	X 
1922	543	592	0	X 
1923	717	645	0	X 
1924	717	649	0	X 
1925	510	847	0	X 
1926	511	848	0	X 
1927	511	849	0	X 
1929	768	850	0	X 
1931	769	851	0	X 
1933	770	852	0	X 
1936	772	853	0	X 
1938	773	854	0	X 
1939	771	855	0	X 
2056	775	913	0	X 
2057	775	912	0	X 
2058	775	911	0	X 
2063	777	920	0	X 
2064	777	919	0	X 
2066	822	923	0	X 
2067	822	924	0	X 
2116	776	861	0	X 
2117	844	926	0	X 
2118	843	912	0	X 
2120	790	862	0	X 
2121	789	880	0	X 
2122	791	879	0	X 
2123	792	883	0	X 
2124	793	884	0	X 
2125	794	889	0	X 
2126	813	899	0	X 
2127	814	898	0	X 
2128	815	901	0	X 
2129	786	873	0	X 
2130	787	927	0	X 
2131	788	931	0	X 
2133	801	932	0	X 
2151	808	860	0	X 
2160	846	883	0	X 
2161	847	899	0	X 
2162	848	873	0	X 
2163	845	881	0	X 
2165	842	864	0	X 
2166	842	922	0	X 
2167	849	922	0	X 
2168	821	863	0	X 
2169	823	912	0	X 
2170	823	925	0	X 
2171	850	875	0	X 
2172	851	881	0	X 
2173	851	877	0	X 
2174	852	926	0	X 
2175	852	876	0	X 
2176	853	933	0	X 
2177	853	885	0	X 
2178	853	930	0	X 
2179	854	889	0	X 
2180	854	926	0	X 
2181	855	897	0	X 
2182	855	929	0	X 
2183	856	899	0	X 
2184	857	868	0	X 
2185	858	871	0	X 
2186	858	927	0	X 
2190	862	899	0	X 
2191	863	873	0	X 
2192	859	911	0	X 
2193	859	856	0	X 
2194	859	912	0	X 
2198	864	881	0	X 
2199	864	863	0	X 
2200	864	886	0	X 
2201	865	861	0	X 
2202	865	864	0	X 
2203	865	918	0	X 
2204	866	911	0	X 
2205	866	856	0	X 
2206	866	861	0	X 
2207	860	880	0	X 
2208	860	879	0	X 
2209	860	877	0	X 
2213	867	875	0	X 
2214	867	934	0	X 
2215	867	930	0	X 
2216	868	877	0	X 
2217	868	928	0	X 
2218	868	926	0	X 
2222	869	881	0	X 
2223	869	860	0	X 
2224	869	931	0	X 
2225	870	883	0	X 
2226	871	883	0	X 
2227	872	899	0	X 
2228	873	899	0	X 
2229	874	873	0	X 
2230	875	873	0	X 
2234	861	882	0	X 
2235	861	933	0	X 
2236	861	927	0	X 
2237	876	887	0	X 
2238	876	889	0	X 
2239	876	913	0	X 
2240	877	900	0	X 
2241	877	898	0	X 
2242	877	902	0	X 
2243	878	866	0	X 
2244	878	872	0	X 
2245	878	873	0	X 
2246	788	871	0	X 
2301	774	917	0	X 
2302	905	939	0	X 
2303	906	940	0	X 
2304	906	942	0	X 
2305	907	941	0	X 
2306	907	942	0	X 
2307	907	943	0	X 
2308	908	939	0	X 
2309	908	944	0	X 
2310	909	0	7	X 
2311	909	943	0	X 
2312	909	944	0	X 
2359	959	0	7	X 
2360	959	0	9	X 
2361	959	0	11	X 
2362	960	0	9	X 
2363	960	0	11	X 
2364	960	0	10	X 
2400	1024	0	7	X 
2401	1025	0	7	X 
2402	1025	0	9	X 
2403	1025	0	11	X 
2404	1026	0	7	X 
2405	1026	0	9	X 
2406	1026	0	11	X 
2483	1024	949	0	X 
2486	957	0	7	X 
2490	957	0	11	X 
2491	958	0	7	X 
2492	958	0	10	X 
2511	839	965	0	X 
2514	833	968	0	X 
2515	833	967	0	X 
2516	831	969	0	X 
2517	831	970	0	X 
2518	832	971	0	X 
2519	832	972	0	X 
2520	832	973	0	X 
2523	829	974	0	X 
2524	829	975	0	X 
2525	830	976	0	X 
2526	830	977	0	X 
2527	841	978	0	X 
2528	841	979	0	X 
2542	1062	911	0	X 
2549	1062	1115	0	X 
2557	1062	925	0	X 
2569	1065	934	0	X 
2570	1065	931	0	X 
2574	1063	897	0	X 
2575	1063	898	0	X 
2576	1063	1004	0	X 
2593	1117	1013	0	X 
2594	1118	1015	0	X 
2595	1118	1014	0	X 
2598	1120	1016	0	X 
2599	1120	1017	0	X 
2601	1135	960	0	X 
2602	1135	961	0	X 
2603	1136	960	0	X 
2604	1136	961	0	X 
2615	887	1024	0	X 
2616	887	1026	0	X 
2617	807	1027	0	X 
2618	807	1028	0	X 
2622	802	1032	0	X 
2623	802	1033	0	X 
2624	804	1034	0	X 
2625	804	1035	0	X 
2627	805	1037	0	X 
2628	805	1038	0	X 
2629	803	1048	0	X 
2632	806	1039	0	X 
2633	806	1040	0	X 
2637	1152	1041	0	X 
2638	1152	1042	0	X 
2639	810	1043	0	X 
2640	810	1044	0	X 
2641	809	1045	0	X 
2642	809	1046	0	X 
2643	809	1047	0	X 
2644	818	1048	0	X 
2645	818	1049	0	X 
2646	818	1050	0	X 
2647	811	1051	0	X 
2648	811	1052	0	X 
2649	811	1053	0	X 
2651	901	1543	0	X 
2653	840	1055	0	X 
2654	840	1056	0	X 
2655	1137	1057	0	X 
2656	1137	1058	0	X 
2657	1138	1059	0	X 
2658	1138	1060	0	X 
2659	1139	1061	0	X 
2660	1139	1036	0	X 
2661	1139	1049	0	X 
2662	1140	1029	0	X 
2663	1140	1030	0	X 
2664	1140	1031	0	X 
2665	884	1062	0	X 
2667	1141	1064	0	X 
2668	1141	1065	0	X 
2669	1141	1066	0	X 
2670	1142	1067	0	X 
2671	1142	1068	0	X 
2672	1143	1069	0	X 
2673	1143	1070	0	X 
2674	1144	1071	0	X 
2675	1144	1065	0	X 
2676	1144	1066	0	X 
2679	885	1072	0	X 
2680	885	1073	0	X 
2681	886	1074	0	X 
2682	886	1075	0	X 
2683	1146	1076	0	X 
2684	1146	1077	0	X 
2685	1146	1078	0	X 
2686	1149	1079	0	X 
2687	1149	1080	0	X 
2688	1149	1081	0	X 
2689	1148	1082	0	X 
2690	1148	1083	0	X 
2691	1147	1084	0	X 
2692	1147	1073	0	X 
2699	1162	1086	0	X 
2700	1162	1087	0	X 
2701	1162	1088	0	X 
2806	1046	867	0	X 
2817	1048	1092	0	X 
2825	1191	1098	0	X 
2862	1046	1126	0	X 
2872	1048	1138	0	X 
2881	1191	889	0	X 
2882	1191	1133	0	X 
2902	1118	1130	0	X 
2903	1065	917	0	X 
2909	1163	1146	0	X 
2916	1167	1151	0	X 
2923	931	1155	0	X 
2935	635	1005	0	X 
2972	1150	1162	0	X 
2991	1217	1159	0	X 
2992	1216	1159	0	X 
2993	1215	1159	0	X 
3019	912	1159	0	X 
3200	953	1357	0	X 
3202	954	1360	0	X 
3204	1155	1361	0	X 
3207	1156	1364	0	X 
3208	1156	1365	0	X 
3209	1156	1366	0	X 
3211	1157	1368	0	X 
3212	1157	1369	0	X 
3213	1158	1370	0	X 
3214	1158	1372	0	X 
3215	1158	1371	0	X 
3216	1159	1373	0	X 
3217	1159	1375	0	X 
3218	1159	1374	0	X 
3219	1160	1376	0	X 
3220	1160	1377	0	X 
3221	1161	1378	0	X 
3222	1161	1379	0	X 
3223	1161	1380	0	X 
3224	1205	1381	0	X 
3225	1205	1382	0	X 
3226	1205	1383	0	X 
3233	1208	1389	0	X 
3234	1208	1391	0	X 
3235	1208	1390	0	X 
3239	1206	1384	0	X 
3240	1206	1385	0	X 
3241	1245	1395	0	X 
3242	1245	1367	0	X 
3243	1207	1396	0	X 
3244	1207	1387	0	X 
3245	1207	1388	0	X 
3246	1209	1397	0	X 
3247	1209	1398	0	X 
3248	1209	1394	0	X 
3254	924	1400	0	X 
3260	913	1407	0	X 
3261	913	1408	0	X 
3262	914	1409	0	X 
3263	914	1411	0	X 
3264	914	1410	0	X 
3265	915	1412	0	X 
3266	915	1414	0	X 
3267	915	1413	0	X 
3268	916	1415	0	X 
3269	916	1417	0	X 
3270	916	1416	0	X 
3271	1223	1418	0	X 
3272	1223	1419	0	X 
3273	1223	1420	0	X 
3274	917	1421	0	X 
3275	917	1423	0	X 
3276	917	1422	0	X 
3277	918	1424	0	X 
3279	918	1426	0	X 
3286	1227	1437	0	X 
3289	1227	1438	0	X 
3290	1227	1439	0	X 
3291	1226	1435	0	X 
3292	1226	1436	0	X 
3293	1226	1440	0	X 
3294	1225	1432	0	X 
3295	1225	1434	0	X 
3296	1225	1433	0	X 
3297	1224	1429	0	X 
3298	1224	1430	0	X 
3299	1224	1431	0	X 
3300	919	1427	0	X 
3301	919	1428	0	X 
3303	812	1402	0	X 
3306	918	1425	0	X 
3314	930	1441	0	X 
3315	834	1442	0	X 
3316	834	1443	0	X 
3319	836	1444	0	X 
3320	836	1445	0	X 
3321	838	1446	0	X 
3322	838	1448	0	X 
3323	838	1447	0	X 
3324	837	1449	0	X 
3325	837	1451	0	X 
3326	837	1450	0	X 
3327	835	1452	0	X 
3328	835	1453	0	X 
3329	835	1454	0	X 
3330	932	1455	0	X 
3331	932	1457	0	X 
3332	932	1456	0	X 
3333	1112	1458	0	X 
3334	1112	1459	0	X 
3335	1111	1460	0	X 
3336	1111	1461	0	X 
3337	1111	1462	0	X 
3338	1153	1463	0	X 
3339	1153	1464	0	X 
3340	1153	1465	0	X 
3341	1154	1466	0	X 
3342	1154	1468	0	X 
3343	1154	1467	0	X 
3345	955	1470	0	X 
3346	921	1471	0	X 
3348	922	1474	0	X 
3349	922	1473	0	X 
3350	1121	1477	0	X 
3351	1121	1475	0	X 
3352	1121	1476	0	X 
3353	1122	1479	0	X 
3354	1122	1478	0	X 
3355	1122	1480	0	X 
3356	1123	1482	0	X 
3357	1123	1481	0	X 
3358	1124	1484	0	X 
3359	1124	1483	0	X 
3360	1124	1485	0	X 
3361	1125	1486	0	X 
3362	1125	1487	0	X 
3363	1125	1488	0	X 
3364	1126	1489	0	X 
3365	1126	1490	0	X 
3366	1126	1491	0	X 
3367	1127	1493	0	X 
3368	1127	1492	0	X 
3369	1127	1494	0	X 
3370	1128	1495	0	X 
3371	1128	1496	0	X 
3372	1128	1497	0	X 
3373	1129	1498	0	X 
3374	1129	1499	0	X 
3375	1129	1500	0	X 
3377	1211	1564	0	X 
3378	1259	1503	0	X 
3380	1260	1506	0	X 
3381	1260	1505	0	X 
3382	1260	1504	0	X 
3383	1261	1508	0	X 
3384	1261	1509	0	X 
3385	1261	1507	0	X 
3388	1262	1512	0	X 
3389	1262	1510	0	X 
3390	1262	1511	0	X 
3391	1263	1515	0	X 
3392	1263	1513	0	X 
3393	1263	1514	0	X 
3394	1264	1516	0	X 
3395	1264	1517	0	X 
3396	1264	1518	0	X 
3397	1271	1519	0	X 
3398	1271	1521	0	X 
3399	1271	1520	0	X 
3400	1272	1522	0	X 
3401	1272	1524	0	X 
3402	1272	1523	0	X 
3403	1273	1525	0	X 
3404	1273	1526	0	X 
3405	1273	1527	0	X 
3406	1275	1528	0	X 
3407	1275	1529	0	X 
3408	1275	1530	0	X 
3412	1274	1534	0	X 
3413	1274	1535	0	X 
3414	1274	1536	0	X 
3421	816	1020	0	X 
3424	1290	1537	0	X 
3425	1151	1538	0	X 
3426	1151	1539	0	X 
3429	900	1542	0	X 
3430	901	1544	0	X 
3431	1050	1545	0	X 
3432	955	1546	0	X 
3433	929	1547	0	X 
3434	930	1548	0	X 
3435	927	1550	0	X 
3436	927	1551	0	X 
3437	827	1552	0	X 
3438	928	1553	0	X 
3439	928	1554	0	X 
3440	923	1555	0	X 
3441	924	1556	0	X 
3442	1113	1557	0	X 
3443	1114	1558	0	X 
3444	1114	1559	0	X 
3445	1212	1560	0	X 
3446	1213	1561	0	X 
3447	1213	1562	0	X 
3448	1210	1563	0	X 
3449	1211	1565	0	X 
3663	1130	1566	0	X 
3667	1131	1568	0	X 
3669	1132	1571	0	X 
3671	1133	1573	0	X 
3673	1251	1575	0	X 
3674	1251	1576	0	X 
3675	1251	1577	0	X 
3676	1252	1578	0	X 
3677	1252	1579	0	X 
3678	1252	1580	0	X 
3679	1253	1581	0	X 
3680	1253	1582	0	X 
3681	1253	1583	0	X 
3683	1254	1584	0	X 
3684	1254	1569	0	X 
3685	1254	1586	0	X 
3686	1255	1589	0	X 
3687	1255	1588	0	X 
3688	1255	1587	0	X 
3691	1256	1590	0	X 
3692	1256	1591	0	X 
3693	1256	1592	0	X 
3696	1285	1593	0	X 
3697	1285	1594	0	X 
3698	1285	1595	0	X 
3699	1286	1597	0	X 
3700	1286	1596	0	X 
3701	1286	1599	0	X 
3706	1287	1600	0	X 
3707	1287	1601	0	X 
3708	1287	1602	0	X 
3713	1288	1603	0	X 
3714	1288	1604	0	X 
3715	1288	1605	0	X 
3716	1289	1606	0	X 
3717	1289	1607	0	X 
3718	1289	1608	0	X 
3735	1164	1259	0	X 
3740	1055	1165	0	X 
3758	1165	1235	0	X 
3759	1166	1181	0	X 
3760	1166	1170	0	X 
3761	1167	1283	0	X 
3763	1051	1213	0	X 
3765	1052	1215	0	X 
3767	1168	1202	0	X 
3768	1168	1306	0	X 
3769	1170	1204	0	X 
3770	1170	1149	0	X 
3771	1171	1249	0	X 
3774	1172	1229	0	X 
3775	1172	1316	0	X 
3776	1053	1289	0	X 
3777	1053	927	0	X 
3778	1173	1609	0	X 
3779	1173	1610	0	X 
3780	1174	1135	0	X 
3781	1174	1611	0	X 
3782	1174	1613	0	X 
3783	1347	1276	0	X 
3784	1169	1287	0	X 
3785	1169	1345	0	X 
3786	1044	1168	0	X 
3787	1044	1292	0	X 
3788	1044	1007	0	X 
3789	1177	1232	0	X 
3790	1177	1317	0	X 
3791	1045	1280	0	X 
3792	1045	1344	0	X 
3793	1041	1185	0	X 
3794	1041	1299	0	X 
3795	1042	1303	0	X 
3796	1042	1138	0	X 
3797	1176	1201	0	X 
3798	1176	1574	0	X 
3799	1179	1615	0	X 
3801	1179	1616	0	X 
3802	1164	1008	0	X 
3803	1347	931	0	X 
3804	1165	1007	0	X 
3806	1180	1617	0	X 
3809	1175	1209	0	X 
3810	1175	1307	0	X 
3811	1175	1013	0	X 
3813	1185	1200	0	X 
3814	1185	1304	0	X 
3815	1185	1136	0	X 
3816	1178	1255	0	X 
3817	1178	1322	0	X 
3818	1178	913	0	X 
3819	1043	1169	0	X 
3820	1043	1186	0	X 
3821	1043	1137	0	X 
3822	1054	1193	0	X 
3823	1054	1008	0	X 
3824	1054	1300	0	X 
3825	1182	1273	0	X 
3826	1182	1347	0	X 
3827	1182	927	0	X 
3828	1184	1212	0	X 
3829	1184	1310	0	X 
3830	1184	1125	0	X 
3831	1186	1248	0	X 
3832	1186	1328	0	X 
3833	1186	1150	0	X 
3834	1047	1183	0	X 
3835	1047	1297	0	X 
3836	1047	1135	0	X 
3837	1183	1284	0	X 
3838	1183	1348	0	X 
3839	1183	1149	0	X 
3840	1048	1619	0	X 
3841	1049	1620	0	X 
3842	1049	1621	0	X 
3843	1049	926	0	X 
3844	1187	1260	0	X 
3845	1187	1326	0	X 
3846	1187	1125	0	X 
3847	1192	1278	0	X 
3848	1192	1343	0	X 
3849	1192	1151	0	X 
3850	1193	1172	0	X 
3851	1193	1296	0	X 
3852	1193	1008	0	X 
3853	1189	1623	0	X 
3854	1189	1624	0	X 
3855	1189	1128	0	X 
3856	1190	1265	0	X 
3857	1190	1625	0	X 
3858	1190	1137	0	X 
3859	1194	1216	0	X 
3860	1194	1304	0	X 
3861	1194	1138	0	X 
3862	1056	1261	0	X 
3863	1056	1133	0	X 
3864	1056	1127	0	X 
3865	1059	1626	0	X 
3866	1059	1627	0	X 
3867	1059	1007	0	X 
3868	1060	1157	0	X 
3869	1060	1163	0	X 
3870	1060	1008	0	X 
3871	1188	1191	0	X 
3872	1188	1192	0	X 
3873	1188	1129	0	X 
3874	1195	1352	0	X 
3875	1195	926	0	X 
3876	1195	1132	0	X 
3877	1196	1203	0	X 
3878	1196	1628	0	X 
3879	1196	927	0	X 
3880	1197	1238	0	X 
3881	1197	1321	0	X 
3882	1197	1125	0	X 
3883	1198	1281	0	X 
3884	1198	1137	0	X 
3885	1198	931	0	X 
3886	1199	1629	0	X 
3887	1199	1630	0	X 
3888	1199	1125	0	X 
3889	1200	1286	0	X 
3890	1200	1349	0	X 
3891	1200	1149	0	X 
3895	1201	1228	0	X 
3896	1201	1316	0	X 
3897	1201	1124	0	X 
3898	1202	1205	0	X 
3899	1202	1129	0	X 
3900	1202	926	0	X 
3901	1203	1632	0	X 
3902	1203	1633	0	X 
3903	1203	1013	0	X 
3904	1115	1246	0	X 
3905	1115	1326	0	X 
3906	1115	1125	0	X 
3907	1204	1634	0	X 
3908	1204	1635	0	X 
3909	1204	1140	0	X 
3910	1057	1164	0	X 
3911	1057	1291	0	X 
3912	1057	1128	0	X 
3913	1116	1636	0	X 
3914	1116	928	0	X 
3915	1116	1004	0	X 
3916	1117	1008	0	X 
3917	1117	1210	0	X 
3918	1120	918	0	X 
3919	1214	1217	0	X 
3920	1214	934	0	X 
3921	1214	1132	0	X 
3922	1181	1240	0	X 
3923	1181	1241	0	X 
3924	1181	1149	0	X 
3925	1058	1637	0	X 
3926	1058	1132	0	X 
3927	1058	1140	0	X 
3928	1061	1206	0	X 
3929	1061	927	0	X 
3930	1061	1123	0	X 
3931	1119	1285	0	X 
3932	1119	1638	0	X 
3933	1119	1151	0	X 
3934	1064	1639	0	X 
3935	1064	1640	0	X 
3936	1064	1004	0	X 
3937	1066	1239	0	X 
3938	1066	1322	0	X 
3939	1066	1137	0	X 
4092	1293	1641	0	X 
4095	1294	1644	0	X 
4096	1294	1645	0	X 
4097	1294	1646	0	X 
4098	1218	1647	0	X 
4099	1218	1648	0	X 
4100	1218	1649	0	X 
4101	1219	1650	0	X 
4102	1219	1651	0	X 
4103	1219	1652	0	X 
4104	1220	1653	0	X 
4105	1220	1654	0	X 
4107	1220	1657	0	X 
4108	1221	1658	0	X 
4109	1221	1659	0	X 
4110	1221	1655	0	X 
4111	1222	1660	0	X 
4112	1222	1661	0	X 
4113	1222	1662	0	X 
4114	1246	1663	0	X 
4115	1246	1664	0	X 
4116	1246	1665	0	X 
4117	1247	1666	0	X 
4118	1247	1667	0	X 
4119	1247	1668	0	X 
4120	1248	1669	0	X 
4121	1248	1670	0	X 
4122	1248	1671	0	X 
4123	1249	1672	0	X 
4124	1249	1673	0	X 
4125	1249	1674	0	X 
4126	1250	1675	0	X 
4127	1250	1676	0	X 
4128	1250	1677	0	X 
4129	1233	1678	0	X 
4131	1234	1682	0	X 
4132	1234	1680	0	X 
4133	1234	1679	0	X 
4134	1235	1683	0	X 
4135	1235	1684	0	X 
4136	1235	1685	0	X 
4137	1236	1686	0	X 
4138	1236	1687	0	X 
4139	1236	1688	0	X 
4140	1237	1689	0	X 
4141	1237	1690	0	X 
4142	1237	1691	0	X 
4143	1238	1692	0	X 
4144	1238	1693	0	X 
4146	1240	1695	0	X 
4147	1240	1696	0	X 
4148	1240	1697	0	X 
4149	1241	1698	0	X 
4150	1241	1699	0	X 
4151	1241	1700	0	X 
4152	1242	1701	0	X 
4153	1242	1702	0	X 
4154	1242	1703	0	X 
4155	1243	1704	0	X 
4156	1243	1706	0	X 
4157	1243	1705	0	X 
4158	1244	1707	0	X 
4159	1244	1709	0	X 
4160	1244	1708	0	X 
4161	1239	1710	0	X 
4162	1239	1711	0	X 
4163	1239	1699	0	X 
4164	1320	1257	0	X 
4165	1320	1258	0	X 
4167	1325	1214	0	X 
4170	1328	1714	0	X 
4173	1331	1282	0	X 
4176	1333	1302	0	X 
4177	1333	1198	0	X 
4179	1334	1717	0	X 
4181	1334	1719	0	X 
4182	1335	1288	0	X 
4184	1335	1426	0	X 
4185	1346	1720	0	X 
4186	1346	1721	0	X 
4187	1346	1722	0	X 
4191	1319	1195	0	X 
4192	1319	1723	0	X 
4194	1345	1254	0	X 
4197	1345	1726	0	X 
4199	1332	1253	0	X 
4200	1332	1724	0	X 
4201	1332	1128	0	X 
4202	1340	1252	0	X 
4203	1340	1727	0	X 
4204	1340	1728	0	X 
4205	1344	1729	0	X 
4206	1344	1730	0	X 
4208	1336	1208	0	X 
4209	1336	1732	0	X 
4210	1336	1733	0	X 
4211	1342	1223	0	X 
4212	1342	1224	0	X 
4214	1343	1277	0	X 
4215	1343	1343	0	X 
4217	1338	1735	0	X 
4218	1338	1736	0	X 
4220	1337	1173	0	X 
4221	1337	1738	0	X 
4223	1341	1187	0	X 
4224	1341	1670	0	X 
4225	1341	1723	0	X 
4226	1339	1177	0	X 
4227	1339	1180	0	X 
4229	1353	1197	0	X 
4230	1353	1740	0	X 
4231	1353	1741	0	X 
4232	1354	1742	0	X 
4233	1354	1744	0	X 
4234	1354	1743	0	X 
4235	1355	1745	0	X 
4236	1355	1746	0	X 
4237	1355	1747	0	X 
4238	1356	1748	0	X 
4239	1356	1749	0	X 
4240	1356	1008	0	X 
4241	1357	1750	0	X 
4242	1357	1751	0	X 
4243	1357	1752	0	X 
4244	1348	1753	0	X 
4245	1348	1754	0	X 
4246	1348	1755	0	X 
4247	1349	1757	0	X 
4248	1349	1756	0	X 
4249	1349	1744	0	X 
4250	1351	1759	0	X 
4251	1351	1758	0	X 
4252	1351	1760	0	X 
4253	1350	1762	0	X 
4254	1350	1761	0	X 
4255	1350	1763	0	X 
4277	1388	1159	0	X 
4278	1388	1158	0	X 
4279	1388	1161	0	X 
4280	1279	1765	0	X 
4281	1279	1764	0	X 
4283	1282	1765	0	X 
4284	1282	1764	0	X 
4285	1282	1465	0	X 
4286	1281	1765	0	X 
4287	1281	1764	0	X 
4288	1281	1465	0	X 
4289	1280	1765	0	X 
4290	1280	1764	0	X 
4291	1280	1465	0	X 
4292	1279	1465	0	X 
4293	1295	1766	0	X 
4294	1295	1767	0	X 
4295	1295	1580	0	X 
4296	1301	1766	0	X 
4297	1301	1767	0	X 
4298	1301	1580	0	X 
4299	1297	1766	0	X 
4300	1297	1767	0	X 
4301	1297	1580	0	X 
4302	1299	1766	0	X 
4303	1299	1767	0	X 
4304	1299	1580	0	X 
4305	1296	1768	0	X 
4306	1296	1769	0	X 
4307	1296	1770	0	X 
4308	1302	1768	0	X 
4309	1302	1769	0	X 
4310	1302	1770	0	X 
4311	1298	1768	0	X 
4312	1298	1769	0	X 
4313	1298	1580	0	X 
4314	1300	1768	0	X 
4315	1300	1769	0	X 
4316	1300	1770	0	X 
4317	1311	1771	0	X 
4318	1311	1772	0	X 
4319	1311	1773	0	X 
4320	1303	1771	0	X 
4321	1303	1772	0	X 
4322	1303	1773	0	X 
4323	1315	1771	0	X 
4324	1315	1772	0	X 
4325	1315	1773	0	X 
4326	1307	1771	0	X 
4327	1307	1772	0	X 
4328	1307	1773	0	X 
4329	1312	1775	0	X 
4330	1312	1774	0	X 
4331	1312	1776	0	X 
4332	1304	1775	0	X 
4333	1304	1774	0	X 
4334	1304	1776	0	X 
4335	1316	1775	0	X 
4336	1316	1774	0	X 
4337	1316	1776	0	X 
4338	1308	1775	0	X 
4339	1308	1774	0	X 
4340	1308	1776	0	X 
4341	1313	1778	0	X 
4342	1313	1777	0	X 
4343	1313	1779	0	X 
4344	1305	1778	0	X 
4345	1305	1777	0	X 
4346	1305	1779	0	X 
4347	1317	1778	0	X 
4348	1317	1777	0	X 
4349	1317	1779	0	X 
4350	1309	1778	0	X 
4351	1309	1777	0	X 
4352	1309	1779	0	X 
4353	1314	1781	0	X 
4354	1314	1780	0	X 
4355	1314	1782	0	X 
4356	1306	1781	0	X 
4357	1306	1780	0	X 
4358	1306	1782	0	X 
4359	1318	1781	0	X 
4360	1318	1780	0	X 
4361	1318	1782	0	X 
4362	1310	1781	0	X 
4363	1310	1780	0	X 
4364	1310	1782	0	X 
4365	1266	1783	0	X 
4366	1266	1784	0	X 
4368	1265	1787	0	X 
4369	1265	1786	0	X 
4370	1265	1788	0	X 
4371	1270	1790	0	X 
4372	1270	1789	0	X 
4373	1270	1791	0	X 
4374	1276	1793	0	X 
4375	1276	1792	0	X 
4376	1276	1794	0	X 
4377	1277	1797	0	X 
4378	1277	1795	0	X 
4379	1277	1796	0	X 
4380	1268	1800	0	X 
4381	1268	1798	0	X 
4382	1268	1799	0	X 
4383	1267	1803	0	X 
4384	1267	1801	0	X 
4385	1267	1802	0	X 
4386	1278	1806	0	X 
4387	1278	1804	0	X 
4388	1278	1805	0	X 
4389	1389	1357	0	X 
4390	1258	1809	0	X 
4391	1258	1807	0	X 
4392	1258	1808	0	X 
4393	1269	1812	0	X 
4394	1269	1810	0	X 
4395	1269	1811	0	X 
4396	1352	1813	0	X 
4397	1352	1814	0	X 
4398	1352	1815	0	X 
4399	1358	1816	0	X 
4400	1358	1817	0	X 
4401	1358	1818	0	X 
4402	1359	1820	0	X 
4403	1359	1819	0	X 
4404	1359	1821	0	X 
4405	1360	1822	0	X 
4406	1360	1823	0	X 
4407	1360	927	0	X 
4408	1361	1825	0	X 
4409	1361	1824	0	X 
4410	1361	1826	0	X 
4411	1362	1830	0	X 
4412	1362	1350	0	X 
4413	1362	1828	0	X 
4414	1363	1353	0	X 
4415	1363	1312	0	X 
4416	1363	1831	0	X 
4417	1364	1305	0	X 
4418	1364	1306	0	X 
4419	1364	1832	0	X 
4420	1365	1833	0	X 
4421	1365	1834	0	X 
4422	1365	1713	0	X 
4423	1366	1836	0	X 
4424	1366	1835	0	X 
4425	1366	926	0	X 
4426	1367	1839	0	X 
4427	1367	1837	0	X 
4428	1367	1838	0	X 
4429	1373	1840	0	X 
4430	1373	1841	0	X 
4431	1373	1667	0	X 
4432	1374	1842	0	X 
4433	1374	1843	0	X 
4434	1374	1844	0	X 
4435	1375	1845	0	X 
4436	1375	1846	0	X 
4437	1375	1847	0	X 
4438	1376	1848	0	X 
4439	1376	1849	0	X 
4440	1376	1850	0	X 
4441	1377	1851	0	X 
4442	1377	1852	0	X 
4443	1377	1132	0	X 
4444	1368	1247	0	X 
4445	1368	1853	0	X 
4446	1368	1854	0	X 
4447	1369	1262	0	X 
4448	1369	1334	0	X 
4449	1369	1125	0	X 
4450	1370	1234	0	X 
4451	1370	1855	0	X 
4452	1370	1823	0	X 
4453	1371	1250	0	X 
4454	1371	1331	0	X 
4455	1371	1856	0	X 
4456	1372	1269	0	X 
4457	1372	1857	0	X 
4458	1372	1137	0	X 
4482	1386	1858	0	X 
4483	1386	1859	0	X 
4485	1387	1861	0	X 
4486	1387	1862	0	X 
4487	1387	1135	0	X 
4488	1383	1864	0	X 
4489	1383	1865	0	X 
4490	1383	1866	0	X 
4502	1381	1869	0	X 
4503	1381	1867	0	X 
4504	1381	1868	0	X 
4505	1382	1871	0	X 
4506	1382	1870	0	X 
4507	1382	1872	0	X 
4508	1385	1873	0	X 
4509	1385	1874	0	X 
4510	1385	1134	0	X 
4511	1384	1875	0	X 
4512	1384	1628	0	X 
4513	1384	1133	0	X 
4515	1284	1878	0	X 
4518	1378	1881	0	X 
4519	1378	1880	0	X 
4520	1378	1882	0	X 
4521	1379	1884	0	X 
4522	1379	1883	0	X 
4523	1379	1885	0	X 
4524	1380	1887	0	X 
4525	1380	1886	0	X 
4526	1380	1888	0	X 
4530	1391	1891	0	X 
4531	1391	1890	0	X 
4532	1391	1889	0	X 
4533	1283	1893	0	X 
4534	1283	1892	0	X 
4535	1283	1894	0	X 
4536	1390	1896	0	X 
4537	1390	1895	0	X 
4538	1390	1815	0	X 
4539	1392	1897	0	X 
4540	1392	1898	0	X 
4541	1392	1899	0	X 
4542	1393	1900	0	X 
4543	1393	1901	0	X 
4544	1393	1902	0	X 
4545	1394	1903	0	X 
4546	1394	1904	0	X 
4547	1394	1905	0	X 
4548	1395	1906	0	X 
4549	1395	1907	0	X 
4550	1395	1908	0	X 
4551	1337	926	0	X 
4552	1386	1909	0	X 
4553	1238	1910	0	X 
4554	1266	1785	0	X 
4555	956	0	7	X 
4556	956	948	0	X 
4558	926	1911	0	X 
4615	1417	0	30	X 
4616	1417	0	25	X 
4617	1418	0	24	X 
4618	1418	0	25	X 
4619	1418	0	23	X 
4620	1419	0	21	X 
4621	1419	0	22	X 
4622	1419	0	23	X 
4623	1420	0	36	X 
4624	1420	0	23	X 
4625	1420	0	25	X 
4626	1421	0	36	X 
4627	1421	0	25	X 
4628	1421	0	37	X 
4629	1422	0	38	X 
4630	1422	0	39	X 
4631	1422	0	23	X 
4632	1423	0	38	X 
4633	1423	0	39	X 
4634	1424	0	42	X 
4635	1424	0	25	X 
4636	1425	0	43	X 
4637	1425	0	23	X 
4638	1426	0	32	X 
4639	1426	0	23	X 
4640	1426	0	33	X 
4641	1427	0	34	X 
4642	1427	0	25	X 
4643	1427	0	35	X 
4644	1428	0	26	X 
4645	1428	0	23	X 
4646	1428	0	27	X 
4647	1429	0	28	X 
4648	1429	0	29	X 
4649	1430	0	36	X 
4650	1430	0	25	X 
4651	1431	0	36	X 
4652	1431	0	23	X 
4653	1432	0	38	X 
4654	1432	0	25	X 
4655	1433	0	40	X 
4656	1433	0	25	X 
4657	1433	0	41	X 
4658	1434	0	44	X 
4659	1434	0	23	X 
4660	1434	0	45	X 
4661	1435	0	46	X 
4662	1435	0	23	X 
4663	1435	0	25	X 
4664	1436	0	31	X 
4665	1436	0	23	X 
4666	1436	0	25	X 
4667	1396	1913	0	X 
4668	1396	1912	0	X 
4669	1396	1914	0	X 
4670	1397	1915	0	X 
4671	1397	1916	0	X 
4672	1397	1917	0	X 
4673	1406	1918	0	X 
4674	1406	1919	0	X 
4675	1406	1008	0	X 
4676	1407	1921	0	X 
4677	1407	1920	0	X 
4678	1407	1922	0	X 
4679	1416	1923	0	X 
4680	1416	1299	0	X 
4681	1416	1924	0	X 
4682	1399	1925	0	X 
4683	1399	1926	0	X 
4684	1399	1927	0	X 
4685	1408	1928	0	X 
4686	1408	1929	0	X 
4687	1408	1930	0	X 
4688	1409	1932	0	X 
4689	1409	1931	0	X 
4690	1409	1933	0	X 
4691	1400	1935	0	X 
4692	1400	1934	0	X 
4693	1400	1138	0	X 
4694	1401	1937	0	X 
4695	1401	1936	0	X 
4696	1401	1938	0	X 
4697	1410	1939	0	X 
4698	1410	1940	0	X 
4699	1410	918	0	X 
4700	1411	1942	0	X 
4701	1411	1941	0	X 
4702	1411	1943	0	X 
4703	1398	1945	0	X 
4704	1398	1944	0	X 
4705	1398	1854	0	X 
4706	1402	1947	0	X 
4707	1402	1946	0	X 
4708	1402	1823	0	X 
4709	1403	1948	0	X 
4710	1403	1949	0	X 
4711	1403	1950	0	X 
4712	1412	1951	0	X 
4713	1412	1952	0	X 
4714	1412	926	0	X 
4715	1413	1953	0	X 
4716	1413	1954	0	X 
4717	1413	1124	0	X 
4718	1404	1955	0	X 
4719	1404	1956	0	X 
4720	1404	1957	0	X 
4721	1405	1958	0	X 
4722	1405	1959	0	X 
4723	1405	1960	0	X 
4724	1414	1962	0	X 
4725	1414	1961	0	X 
4726	1414	1718	0	X 
4727	1415	1963	0	X 
4728	1415	1964	0	X 
4729	1415	1924	0	X 
4733	1443	0	31	X 
4734	1443	0	23	X 
4735	1443	0	25	X 
4740	1454	1193	0	X 
4741	1454	1163	0	X 
4743	1454	954	0	X 
4744	954	1993	0	X 
4763	1491	1994	0	X 
4764	1491	1852	0	X 
4765	1491	1447	0	X 
4766	1492	1955	0	X 
4767	1492	1614	0	X 
4768	1492	1844	0	X 
4771	1496	1995	0	X 
4772	1496	1996	0	X 
4773	1496	1997	0	X 
4774	800	1285	0	X 
4775	817	1285	0	X 
4776	1231	1280	0	X 
4781	1502	1998	0	X 
4783	1504	2006	0	X 
4795	1505	0	21	X 
4796	1505	0	22	X 
4797	1507	0	38	X 
4798	1507	0	39	X 
4799	1507	0	25	X 
4800	1511	0	44	X 
4801	1511	0	25	X 
4802	1511	0	23	X 
4803	1506	0	32	X 
4804	1506	0	33	X 
4805	1506	0	23	X 
4806	1512	2008	0	X 
4807	1513	2000	0	X 
4811	1515	1547	0	X 
4814	1519	1547	0	X 
4817	1520	1547	0	X 
4818	1521	1418	0	X 
4819	1521	1419	0	X 
4820	1521	1420	0	X 
4821	1522	1516	0	X 
4822	1522	1517	0	X 
4823	1522	1518	0	X 
4824	1524	1528	0	X 
4825	1524	1529	0	X 
4826	1524	1530	0	X 
4829	1528	1547	0	X 
4830	1529	1547	0	X 
4831	1530	1547	0	X 
4846	1553	2019	0	X 
4847	1554	2011	0	X 
4848	1555	2012	0	X 
4849	1556	2013	0	X 
4850	1557	2015	0	X 
4851	1558	2017	0	X 
4852	1559	2018	0	X 
4853	1513	2001	0	X 
4854	1513	2002	0	X 
4856	1503	2003	0	X 
4857	1503	2004	0	X 
4858	1503	2005	0	X 
4859	1504	2007	0	X 
4860	1512	2009	0	X 
4861	1512	2010	0	X 
4862	1560	1915	0	X 
4863	1560	1916	0	X 
4864	1560	1917	0	X 
4865	1561	1955	0	X 
4866	1561	1956	0	X 
4867	1561	1957	0	X 
4868	1562	1932	0	X 
4869	1562	1931	0	X 
4870	1562	1933	0	X 
4871	1563	1951	0	X 
4872	1563	1952	0	X 
4873	1563	926	0	X 
4874	1564	1953	0	X 
4875	1564	1954	0	X 
4876	1564	1124	0	X 
4877	1565	1962	0	X 
4878	1565	1961	0	X 
4879	1565	1718	0	X 
4880	1566	0	21	X 
4881	1566	0	22	X 
4882	1566	0	23	X 
4883	1567	0	36	X 
4884	1567	0	37	X 
4885	1567	0	25	X 
4886	1568	0	38	X 
4887	1568	0	39	X 
4888	1568	0	23	X 
4889	1554	925	0	X 
4890	1555	1382	0	X 
4891	1556	2014	0	X 
4892	1557	2016	0	X 
4893	1557	1131	0	X 
4894	1558	1134	0	X 
4895	1559	1723	0	X 
4896	1553	2020	0	X 
4905	1583	2021	0	X 
4906	1583	1723	0	X 
4912	1632	0	36	X 
4913	1632	0	37	X 
4914	1648	0	34	X 
4915	1648	0	35	X 
4916	1650	0	28	X 
4917	1650	0	29	X 
4918	1651	0	42	X 
4919	1651	0	45	X 
4920	1652	0	38	X 
4921	1652	0	39	X 
4923	1587	0	49	X 
4924	1587	0	50	X 
4925	1587	0	23	X 
4926	1588	0	49	X 
4927	1591	0	49	X 
4928	1589	0	49	X 
4929	1592	0	49	X 
4930	1590	0	49	X 
4931	1593	0	49	X 
4932	1605	0	30	X 
4933	1606	0	21	X 
4934	1607	0	36	X 
4935	1608	0	38	X 
4936	1609	0	46	X 
4937	1595	0	49	X 
4938	1621	0	43	X 
4939	1596	0	49	X 
4940	1610	0	30	X 
4941	1612	0	26	X 
4942	1615	0	36	X 
4943	1618	0	38	X 
4944	1597	0	49	X 
4945	1622	0	44	X 
4946	1598	0	49	X 
4947	1611	0	30	X 
4948	1613	0	21	X 
4949	1616	0	36	X 
4950	1619	0	40	X 
4951	1599	0	49	X 
4952	1620	0	38	X 
4953	1623	0	46	X 
4954	1594	0	49	X 
4955	1614	0	24	X 
4956	1617	0	36	X 
4957	1624	0	26	X 
4958	1625	0	32	X 
4959	1626	0	42	X 
4960	1627	0	40	X 
4961	1628	0	36	X 
4962	1661	0	31	X 
4963	1662	0	44	X 
4964	1663	0	40	X 
4965	1664	0	36	X 
4966	1600	0	49	X 
4967	1629	0	36	X 
4968	1633	0	26	X 
4969	1634	0	42	X 
4970	1635	0	38	X 
4971	1636	0	34	X 
4972	1666	0	51	X 
4973	1667	0	26	X 
4974	1668	0	42	X 
4975	1601	0	49	X 
4976	1669	0	38	X 
4977	1670	0	30	X 
4978	1665	0	49	X 
4979	1630	0	51	X 
4980	1637	0	21	X 
4981	1602	0	49	X 
4982	1672	0	51	X 
4983	1673	0	28	X 
4984	1638	0	38	X 
4985	1639	0	42	X 
4986	1640	0	30	X 
4987	1675	0	42	X 
4988	1676	0	32	X 
4989	1671	0	49	X 
4990	1656	0	51	X 
4991	1657	1918	0	X 
4992	1658	0	38	X 
4993	1659	0	43	X 
4994	1660	0	30	X 
4995	1655	0	49	X 
4996	1631	0	51	X 
4997	1641	0	21	X 
4998	1642	0	38	X 
4999	1643	0	44	X 
5000	1644	0	32	X 
5001	1603	0	49	X 
5002	1603	0	50	X 
5003	1653	0	32	X 
5004	1654	0	51	X 
5005	1645	0	21	X 
5006	1645	0	22	X 
5007	1646	0	40	X 
5008	1646	0	41	X 
5009	1647	0	44	X 
5010	1647	0	45	X 
5011	1649	0	49	X 
5012	1649	0	50	X 
5013	1649	0	23	X 
5014	1604	0	49	X 
5015	1604	0	50	X 
5016	1588	0	25	X 
5017	1591	0	23	X 
5018	1589	0	50	X 
5019	1592	0	50	X 
5020	1592	0	23	X 
5021	1590	0	50	X 
5022	1590	0	25	X 
5023	1593	1723	0	X 
5024	1605	2076	0	X 
5026	1607	0	37	X 
5027	1607	0	23	X 
5028	1608	1134	0	X 
5029	1609	1838	0	X 
5030	1595	0	50	X 
5031	1595	0	25	X 
5032	1621	0	45	X 
5033	1596	0	23	X 
5034	1596	0	25	X 
5035	1610	0	25	X 
5036	1612	0	23	X 
5037	1615	0	23	X 
5038	1618	0	25	X 
5039	1597	0	50	X 
5040	1622	0	45	X 
5041	1622	0	25	X 
5042	1611	1754	0	X 
5043	1613	0	22	X 
5044	1613	0	23	X 
5045	1616	0	25	X 
5046	1616	0	23	X 
5047	1619	0	39	X 
5048	1599	0	23	X 
5049	1620	0	39	X 
5050	1623	0	23	X 
5051	1623	0	25	X 
5052	1594	0	23	X 
5053	1614	0	29	X 
5054	1617	0	25	X 
5055	1625	0	33	X 
5056	1626	0	45	X 
5057	1627	0	23	X 
5058	1661	0	35	X 
5059	1661	0	25	X 
5060	1662	0	45	X 
5061	1663	0	41	X 
5062	1664	0	37	X 
5063	1600	0	23	X 
5064	1629	0	23	X 
5065	1633	0	25	X 
5066	1634	0	45	X 
5067	1635	0	41	X 
5068	1655	0	23	X 
5069	1631	0	25	X 
5070	1641	0	22	X 
5071	1642	0	23	X 
5072	1643	0	25	X 
5073	1644	0	33	X 
5074	1653	0	23	X 
5075	1654	0	25	X 
5076	1674	1213	0	X 
5077	1674	1311	0	X 
5078	1638	0	25	X 
5079	1639	0	23	X 
5080	1639	0	25	X 
5081	1640	0	35	X 
5082	1675	0	52	X 
5083	1676	0	23	X 
5084	1671	0	23	X 
5085	1656	0	23	X 
5086	1658	0	25	X 
5087	1659	0	23	X 
5088	1660	0	25	X 
5089	1653	0	33	X 
5090	1654	0	37	X 
5091	1645	0	23	X 
5092	1646	0	25	X 
5093	1647	0	25	X 
5094	1636	0	23	X 
5095	1666	0	25	X 
5096	1667	0	27	X 
5097	1668	0	52	X 
5098	1601	0	23	X 
5099	1669	0	25	X 
5100	1670	0	25	X 
5101	1665	0	23	X 
5102	1630	0	23	X 
5103	1637	0	25	X 
5104	1602	0	25	X 
5105	1602	0	23	X 
5106	1672	0	23	X 
5107	1672	0	25	X 
5108	1673	0	25	X 
5109	1673	0	23	X 
5110	1668	0	23	X 
5125	1680	0	49	X 
5126	1680	0	50	X 
5127	1680	1134	0	X 
5128	1681	0	49	X 
5129	1681	0	50	X 
5130	1681	1134	0	X 
5131	1682	0	49	X 
5132	1682	0	50	X 
5133	1682	1134	0	X 
5134	1683	0	49	X 
5135	1683	0	50	X 
5136	1683	1134	0	X 
5139	1687	0	38	X 
5140	1687	0	25	X 
5151	1697	0	49	X 
5152	1697	0	53	X 
5153	1697	0	55	X 
5154	1698	0	49	X 
5157	1699	0	49	X 
5160	1698	0	53	X 
5161	1698	0	55	X 
5162	1699	0	53	X 
5163	1699	0	55	X 
5174	1708	0	58	X 
5175	1708	0	61	X 
5176	1708	0	68	X 
5182	1711	0	56	X 
5183	1711	0	63	X 
5184	1711	0	59	X 
5185	1712	0	56	X 
5186	1712	0	59	X 
5187	1712	0	63	X 
5188	1713	0	56	X 
5189	1713	0	66	X 
5190	1714	0	56	X 
5191	1714	0	63	X 
5192	1714	0	59	X 
5193	1715	0	56	X 
5194	1715	0	59	X 
5195	1715	0	66	X 
5196	1716	0	56	X 
5197	1716	0	66	X 
5198	1717	0	56	X 
5199	1717	0	63	X 
5200	1717	0	59	X 
5201	1718	0	56	X 
5202	1718	0	59	X 
5203	1718	0	63	X 
5204	1719	0	56	X 
5205	1719	0	66	X 
5206	1720	0	56	X 
5207	1720	0	63	X 
5208	1720	0	59	X 
5209	1721	0	56	X 
5210	1721	0	59	X 
5212	1722	0	56	X 
5213	1722	0	66	X 
5214	1723	0	56	X 
5215	1723	0	63	X 
5217	1724	0	56	X 
5218	1724	0	59	X 
5220	1725	0	56	X 
5221	1725	0	66	X 
5222	1726	0	56	X 
5223	1726	0	63	X 
5225	1727	0	56	X 
5226	1727	0	59	X 
5228	1728	0	56	X 
5229	1728	0	66	X 
5230	1729	0	56	X 
5231	1729	0	63	X 
5233	1730	0	56	X 
5234	1730	0	59	X 
5236	1731	0	57	X 
5237	1731	0	60	X 
5238	1732	0	57	X 
5239	1732	0	64	X 
5240	1732	0	60	X 
5241	1733	0	57	X 
5242	1733	0	67	X 
5243	1733	0	67	X 
5244	1734	0	57	X 
5245	1734	0	60	X 
5246	1735	0	57	X 
5247	1735	0	64	X 
5248	1735	0	67	X 
5249	1736	0	57	X 
5250	1736	0	67	X 
5251	1736	0	60	X 
5252	1737	0	57	X 
5253	1737	0	60	X 
5254	1738	0	57	X 
5255	1738	0	64	X 
5256	1738	0	67	X 
5257	1739	0	57	X 
5258	1739	0	67	X 
5259	1739	0	60	X 
5260	1740	0	57	X 
5261	1740	0	60	X 
5262	1741	0	57	X 
5263	1741	0	64	X 
5265	1742	0	57	X 
5266	1742	0	67	X 
5268	1743	0	57	X 
5269	1743	0	60	X 
5270	1744	0	57	X 
5271	1744	0	64	X 
5273	1745	0	57	X 
5274	1745	0	67	X 
5276	1746	0	57	X 
5277	1746	0	60	X 
5278	1747	0	57	X 
5279	1747	0	64	X 
5281	1748	0	57	X 
5282	1748	0	67	X 
5284	1749	0	57	X 
5285	1749	0	60	X 
5286	1750	0	57	X 
5287	1750	0	64	X 
5289	1751	0	58	X 
5290	1751	0	61	X 
5291	1751	0	65	X 
5292	1752	0	58	X 
5293	1752	0	65	X 
5294	1753	0	58	X 
5295	1753	0	68	X 
5296	1753	0	68	X 
5297	1754	0	58	X 
5298	1754	0	61	X 
5299	1754	0	65	X 
5300	1755	0	58	X 
5301	1755	0	65	X 
5302	1756	0	58	X 
5303	1756	0	68	X 
5304	1756	0	61	X 
5305	1757	0	58	X 
5306	1757	0	61	X 
5307	1757	0	65	X 
5308	1758	0	58	X 
5309	1758	0	65	X 
5310	1759	0	58	X 
5311	1759	0	68	X 
5312	1759	0	68	X 
5313	1760	0	58	X 
5314	1760	0	61	X 
5315	1760	0	65	X 
5316	1761	0	58	X 
5317	1761	0	65	X 
5318	1762	0	58	X 
5319	1762	0	68	X 
5321	1763	0	58	X 
5322	1763	0	61	X 
5324	1764	0	58	X 
5325	1764	0	65	X 
5326	1765	0	58	X 
5327	1765	0	68	X 
5329	1766	0	58	X 
5330	1766	0	61	X 
5332	1767	0	58	X 
5333	1767	0	65	X 
5334	1768	0	58	X 
5335	1768	0	68	X 
5337	1769	0	58	X 
5338	1769	0	61	X 
5340	1770	0	58	X 
5341	1770	0	65	X 
5342	1771	0	56	X 
5343	1771	0	63	X 
5345	1772	0	57	X 
5346	1772	0	67	X 
5348	1773	0	61	X 
5349	1773	0	58	X 
5350	1774	0	56	X 
5351	1774	0	63	X 
5353	1775	0	56	X 
5354	1775	0	66	X 
5356	1776	0	67	X 
5357	1776	0	57	X 
5358	1777	0	57	X 
5359	1777	0	60	X 
5361	1778	0	58	X 
5362	1778	0	65	X 
5364	1779	0	61	X 
5365	1779	0	58	X 
5370	1781	0	63	X 
5371	1781	0	63	X 
5372	1782	2150	0	X 
5374	1783	2154	0	X 
5375	1783	0	67	X 
5376	1783	0	67	X 
5377	1784	2158	0	X 
5378	1784	2174	0	X 
5379	1784	2157	0	X 
5380	1785	0	61	X 
5382	1786	0	56	X 
5383	1786	0	57	X 
5384	1786	0	58	X 
5385	1787	0	56	X 
5386	1787	0	57	X 
5387	1787	0	58	X 
5388	1788	0	56	X 
5389	1788	0	57	X 
5390	1789	0	56	X 
5391	1789	0	57	X 
5392	1789	0	58	X 
5393	1790	0	56	X 
5394	1790	0	57	X 
5395	1790	0	58	X 
5396	1791	0	56	X 
5397	1791	0	57	X 
5398	1792	0	56	X 
5399	1792	0	66	X 
5400	1792	0	66	X 
5401	1793	0	56	X 
5402	1793	0	63	X 
5404	1794	0	57	X 
5405	1794	0	67	X 
5406	1795	0	57	X 
5407	1795	0	60	X 
5409	1796	0	58	X 
5410	1796	0	68	X 
5411	1796	0	61	X 
5412	1797	0	58	X 
5413	1797	0	61	X 
5419	1719	0	66	X 
5420	1713	0	66	X 
5421	1716	0	63	X 
5425	1731	0	64	X 
5426	1737	0	64	X 
5427	1740	0	64	X 
5428	1734	0	64	X 
5433	1752	0	61	X 
5434	1758	0	61	X 
5435	1755	0	68	X 
5436	1791	0	58	X 
5437	1788	0	58	X 
5438	1785	0	61	X 
5440	1782	2151	0	X 
5441	1782	2170	0	X 
5442	1781	2161	0	X 
5445	1704	0	58	X 
5446	1704	0	61	X 
5447	1704	0	65	X 
5448	1709	0	58	X 
5449	1709	0	61	X 
5450	1709	0	65	X 
5451	1710	0	58	X 
5452	1710	0	61	X 
5453	1710	0	68	X 
5454	1780	2163	0	X 
5455	1780	2147	0	X 
5456	1780	2162	0	X 
5457	1785	2177	0	X 
5467	1794	0	60	X 
5468	1798	0	56	X 
5469	1798	0	59	X 
5470	1798	0	63	X 
5471	1799	0	56	X 
5472	1799	0	66	X 
5473	1800	0	57	X 
5474	1800	0	64	X 
5475	1800	0	67	X 
5476	1801	0	57	X 
5477	1801	0	67	X 
5478	1815	0	58	X 
5479	1815	0	65	X 
5480	1815	0	68	X 
5481	1816	0	58	X 
5482	1816	0	68	X 
5501	1834	2161	0	X 
5503	1833	2172	0	X 
5504	1833	0	67	X 
5505	1832	2177	0	X 
5506	1832	0	61	X 
5510	1834	0	63	X 
