3	5	0	33449	1	0	0	0	0	0	0	X 
6	42	100	0	0	0	0	0	0	0	0	X 
7	42	0	0	0	0	100000	0	0	0	0	X 
10	43	0	114053	1	0	0	0	0	0	0	X 
33	2	0	112737	1	0	0	0	0	0	0	X 
36	3	0	114053	1	0	0	100	0	0	0	X 
39	44	0	0	0	824	20	0	0	0	0	X 
42	65	150	0	0	0	0	0	0	0	0	X 
45	67	0	114052	1	0	0	100	0	0	0	X 
48	6	100	0	0	0	0	100	0	0	0	X 
51	7	0	114825	1	0	0	0	0	0	0	X 
72	73	100	0	0	0	0	0	0	0	0	X 
124	66	0	114826	1	0	0	0	0	0	0	X 
137	86	0	114053	1	0	0	100	0	0	0	X 
140	87	150	0	0	0	0	0	0	0	0	X 
151	88	0	0	0	824	20	0	0	0	0	X 
157	89	0	114052	1	0	0	100	0	0	0	X 
160	90	100	0	0	0	0	100	0	0	0	X 
163	91	0	112848	1	0	0	0	0	0	0	X 
227	107	0	114109	1	0	0	0	0	0	0	X 
230	108	0	114068	1	0	0	0	0	0	0	X 
236	109	0	114058	1	0	0	0	0	0	0	X 
239	110	0	114063	1	0	0	0	0	0	0	X 
242	111	0	114059	1	0	0	0	0	0	0	X 
245	112	0	114066	1	0	0	0	0	0	0	X 
248	113	0	114057	1	0	0	0	0	0	0	X 
251	114	8000	0	0	0	0	0	0	0	0	X 
254	115	8000	0	0	0	0	0	0	0	0	X 
257	116	8000	0	0	0	0	0	0	0	0	X 
260	117	8000	0	0	0	0	0	0	0	0	X 
263	118	8000	0	0	0	0	0	0	0	0	X 
266	119	0	120301	1	0	0	0	0	0	0	X 
269	120	0	120302	1	0	0	0	0	0	0	X 
287	125	0	120301	1	0	0	0	0	0	0	X 
290	126	0	120302	1	0	0	0	0	0	0	X 
293	127	0	120301	1	0	0	0	0	0	0	X 
296	128	0	114616	1	0	0	0	0	0	0	X 
299	129	0	114616	1	0	0	0	0	0	0	X 
302	130	0	120302	1	0	0	0	0	0	0	X 
305	131	0	120301	1	0	0	0	0	0	0	X 
308	132	0	0	0	824	175	0	0	0	0	X 
311	133	0	0	0	824	175	0	0	0	0	X 
317	135	100	0	0	0	0	0	0	0	0	X 
320	136	100	0	0	0	0	0	0	0	0	X 
323	137	0	120205	1	0	0	0	0	0	0	X 
326	183	0	0	0	824	30	0	0	0	0	X 
329	171	100	0	0	0	0	0	0	0	0	X 
332	138	100	0	0	0	0	0	0	0	0	X 
335	139	100	0	0	0	0	0	0	0	0	X 
338	140	0	120205	1	0	0	0	0	0	0	X 
341	184	0	0	0	824	30	0	0	0	0	X 
344	172	100	0	0	0	0	0	0	0	0	X 
347	141	200	0	0	0	0	0	0	0	0	X 
350	142	200	0	0	0	0	0	0	0	0	X 
353	143	200	0	0	0	0	0	0	0	0	X 
356	185	0	0	0	824	32	0	0	0	0	X 
362	144	200	0	0	0	0	0	0	0	0	X 
365	146	200	0	0	0	0	0	0	0	0	X 
368	186	0	0	0	824	32	0	0	0	0	X 
371	195	0	114101	1	0	0	0	0	0	0	X 
374	205	0	0	0	824	100	0	0	0	0	X 
375	205	300	0	0	0	0	0	0	0	0	X 
377	196	0	114101	1	0	0	0	0	0	0	X 
380	206	0	0	0	824	100	0	0	0	0	X 
381	206	300	0	0	0	0	0	0	0	0	X 
383	197	0	114098	1	0	0	0	0	0	0	X 
386	207	450	0	0	0	0	0	0	0	0	X 
387	207	0	0	0	824	110	0	0	0	0	X 
389	198	0	114096	1	0	0	0	0	0	0	X 
392	208	600	0	0	0	0	0	0	0	0	X 
393	208	0	0	0	824	125	0	0	0	0	X 
395	199	0	114108	1	0	0	0	0	0	0	X 
398	209	750	0	0	0	0	0	0	0	0	X 
399	209	0	0	0	824	150	0	0	0	0	X 
401	200	0	114094	1	0	0	0	0	0	0	X 
404	210	900	0	0	0	0	0	0	0	0	X 
405	210	0	0	0	824	175	0	0	0	0	X 
407	201	0	114099	1	0	0	0	0	0	0	X 
410	211	1050	0	0	0	0	0	0	0	0	X 
411	211	0	0	0	824	200	0	0	0	0	X 
413	202	0	114097	1	0	0	0	0	0	0	X 
416	212	1200	0	0	0	0	0	0	0	0	X 
417	212	0	0	0	824	225	0	0	0	0	X 
419	203	0	114105	1	0	0	0	0	0	0	X 
422	213	1350	0	0	0	0	0	0	0	0	X 
423	213	0	0	0	824	250	0	0	0	0	X 
425	204	0	114100	1	0	0	0	0	0	0	X 
428	214	1500	0	0	0	0	0	0	0	0	X 
429	214	0	0	0	824	275	0	0	0	0	X 
431	145	200	0	0	0	0	0	0	0	0	X 
434	174	0	0	0	824	32	0	0	0	0	X 
437	147	300	0	0	0	0	0	0	0	0	X 
440	148	300	0	0	0	0	0	0	0	0	X 
446	187	0	0	0	824	34	0	0	0	0	X 
449	175	0	0	0	824	34	0	0	0	0	X 
452	150	400	0	0	0	0	0	0	0	0	X 
455	151	400	0	0	0	0	0	0	0	0	X 
458	152	0	120205	1	0	0	0	0	0	0	X 
461	188	0	0	0	824	36	0	0	0	0	X 
464	176	0	0	0	824	36	0	0	0	0	X 
467	153	500	0	0	0	0	0	0	0	0	X 
470	154	500	0	0	0	0	0	0	0	0	X 
473	155	500	0	0	0	0	0	0	0	0	X 
476	189	0	0	0	824	38	0	0	0	0	X 
479	177	0	0	0	824	38	0	0	0	0	X 
482	156	600	0	0	0	0	0	0	0	0	X 
485	157	600	0	0	0	0	0	0	0	0	X 
488	158	0	120205	1	0	0	0	0	0	0	X 
491	190	0	0	0	824	40	0	0	0	0	X 
494	178	600	0	0	0	0	0	0	0	0	X 
497	159	700	0	0	0	0	0	0	0	0	X 
500	160	700	0	0	0	0	0	0	0	0	X 
503	161	700	0	0	0	0	0	0	0	0	X 
506	191	0	0	0	824	42	0	0	0	0	X 
509	179	0	0	0	824	42	0	0	0	0	X 
512	162	800	0	0	0	0	0	0	0	0	X 
515	163	800	0	0	0	0	0	0	0	0	X 
518	164	0	120205	1	0	0	0	0	0	0	X 
521	192	0	0	0	824	44	0	0	0	0	X 
524	180	800	0	0	0	0	0	0	0	0	X 
527	165	900	0	0	0	0	0	0	0	0	X 
530	166	900	0	0	0	0	0	0	0	0	X 
533	167	0	120205	1	0	0	0	0	0	0	X 
536	193	0	0	0	824	46	0	0	0	0	X 
539	181	0	0	0	824	46	0	0	0	0	X 
542	168	1000	0	0	0	0	0	0	0	0	X 
545	169	1000	0	0	0	0	0	0	0	0	X 
551	194	0	0	0	824	48	0	0	0	0	X 
554	182	1000	0	0	0	0	0	0	0	0	X 
557	215	0	115012	1	0	0	0	0	0	0	X 
578	173	0	6662	10	0	0	0	0	0	0	X 
579	217	0	0	0	824	45	0	0	0	0	X 
580	218	0	0	0	824	45	0	0	0	0	X 
581	219	0	0	0	824	48	0	0	0	0	X 
582	220	0	0	0	824	48	0	0	0	0	X 
584	221	300	0	0	0	0	0	0	0	0	X 
585	222	300	0	0	0	0	0	0	0	0	X 
586	223	450	0	0	0	0	0	0	0	0	X 
587	224	600	0	0	0	0	0	0	0	0	X 
589	228	300	0	0	0	0	0	0	0	0	X 
590	229	300	0	0	0	0	0	0	0	0	X 
591	230	750	0	0	0	0	0	0	0	0	X 
592	231	900	0	0	0	0	0	0	0	0	X 
593	232	1050	0	0	0	0	0	0	0	0	X 
606	170	1000	0	0	0	0	0	0	0	0	X 
607	242	0	0	0	824	70	0	0	0	0	X 
608	243	1200	0	0	0	0	0	0	0	0	X 
609	244	1350	0	0	0	0	0	0	0	0	X 
610	245	1500	0	0	0	0	0	0	0	0	X 
612	270	0	0	0	0	10	0	0	0	0	X 
613	271	10000	0	0	0	0	0	0	0	0	X 
614	272	10000	0	0	0	0	0	0	0	0	X 
615	273	10000	0	0	0	0	0	0	0	0	X 
616	274	10000	0	0	0	0	0	0	0	0	X 
617	275	10000	0	0	0	0	0	0	0	0	X 
618	276	15000	0	0	0	0	0	0	0	0	X 
619	277	0	0	0	824	50	0	0	0	0	X 
620	278	0	0	0	824	50	0	0	0	0	X 
621	279	0	0	0	824	60	0	0	0	0	X 
622	55	0	0	0	0	1	0	0	0	0	X 
623	280	0	0	0	824	65	0	0	0	0	X 
624	281	0	0	0	824	65	0	0	0	0	X 
625	282	0	0	0	824	70	0	0	0	0	X 
626	283	0	0	0	824	75	0	0	0	0	X 
627	251	0	114071	1	0	0	0	0	0	0	X 
628	253	0	114069	1	0	0	0	0	0	0	X 
629	249	0	114070	1	0	0	0	0	0	0	X 
630	254	12000	0	0	0	0	0	0	0	0	X 
631	255	12000	0	0	0	0	0	0	0	0	X 
632	256	12000	0	0	0	0	0	0	0	0	X 
633	257	12000	0	0	0	0	0	0	0	0	X 
634	258	0	114806	1	0	0	0	0	0	0	X 
635	259	0	120301	1	0	0	0	0	0	0	X 
636	260	0	120302	1	0	0	0	0	0	0	X 
637	262	0	120302	1	0	0	0	0	0	0	X 
638	261	0	120301	1	0	0	0	0	0	0	X 
640	252	0	114078	1	0	0	0	0	0	0	X 
641	250	0	114075	1	0	0	0	0	0	0	X 
642	248	0	114080	1	0	0	0	0	0	0	X 
643	247	0	114110	1	0	0	0	0	0	0	X 
644	265	0	114806	1	0	0	0	0	0	0	X 
645	264	0	114081	1	0	0	0	0	0	0	X 
646	267	0	120301	1	0	0	0	0	0	0	X 
647	266	0	120302	1	0	0	0	0	0	0	X 
648	268	0	0	0	824	225	0	0	0	0	X 
649	269	0	0	0	824	225	0	0	0	0	X 
650	284	0	0	0	824	100	0	0	0	0	X 
651	285	0	0	0	824	100	0	0	0	0	X 
652	286	0	0	0	824	100	0	0	0	0	X 
653	287	0	0	0	824	100	0	0	0	0	X 
654	288	0	0	0	824	200	0	0	0	0	X 
655	289	0	0	0	824	100	0	0	0	0	X 
656	297	15000	0	0	0	0	0	0	0	0	X 
657	298	15000	0	0	0	0	0	0	0	0	X 
658	299	15000	0	0	0	0	0	0	0	0	X 
659	300	8000	0	0	0	0	0	0	0	0	X 
660	301	8000	0	0	0	0	0	0	0	0	X 
661	294	0	114084	1	0	0	0	0	0	0	X 
662	296	0	114082	1	0	0	0	0	0	0	X 
663	292	0	114083	1	0	0	0	0	0	0	X 
664	295	0	114086	1	0	0	0	0	0	0	X 
665	293	0	114085	1	0	0	0	0	0	0	X 
666	291	0	114087	1	0	0	0	0	0	0	X 
667	290	0	114112	1	0	0	0	0	0	0	X 
668	302	0	120301	1	0	0	0	0	0	0	X 
669	303	0	120302	1	0	0	0	0	0	0	X 
670	304	0	120301	1	0	0	0	0	0	0	X 
671	305	0	120302	1	0	0	0	0	0	0	X 
672	306	0	120301	1	0	0	0	0	0	0	X 
673	308	0	114746	1	0	0	0	0	0	0	X 
674	307	0	114622	1	0	0	0	0	0	0	X 
675	310	0	114822	1	0	0	0	0	0	0	X 
676	309	0	114131	1	0	0	0	0	0	0	X 
677	325	0	118531	1	0	0	0	0	0	0	X 
678	326	0	118531	1	0	0	0	0	0	0	X 
679	327	0	118531	1	0	0	0	0	0	0	X 
680	328	0	118531	1	0	0	0	0	0	0	X 
681	331	0	0	0	824	100	0	0	0	0	X 
682	329	0	118474	1	0	0	0	0	0	0	X 
683	330	0	118193	1	0	0	0	0	0	0	X 
684	332	0	26045	100	0	0	0	0	0	0	X 
685	332	0	26044	40	0	0	0	0	0	0	X 
686	333	100	0	0	0	0	0	0	0	0	X 
687	331	0	27944	1	0	0	0	0	0	0	X 
688	334	20000	0	0	0	0	0	0	0	0	X 
689	334	0	0	0	824	250	0	0	0	0	X 
691	335	0	117492	1	0	0	0	0	0	0	X 
692	336	0	0	0	823	1000	0	0	0	0	X 
693	336	20000	0	0	0	0	0	0	0	0	X 
694	337	0	118354	1	0	0	0	0	0	0	X 
705	343	3000	0	0	0	0	0	0	0	0	X 
706	344	3000	0	0	0	0	0	0	0	0	X 
707	345	0	0	0	0	500000	0	0	0	0	X 
708	347	0	0	0	0	500000	0	0	0	0	X 
709	346	0	0	0	0	500000	0	0	0	0	X 
710	338	3000	0	0	0	0	0	0	0	0	X 
711	339	3000	0	0	0	0	0	0	0	0	X 
712	340	0	0	0	0	500000	0	0	0	0	X 
713	341	0	0	0	0	500000	0	0	0	0	X 
714	342	0	0	0	0	500000	0	0	0	0	X 
715	348	0	0	0	390	25000	0	0	0	0	X 
716	348	1000	0	0	0	0	0	0	0	0	X 
717	349	0	0	0	390	25000	0	0	0	0	X 
718	349	1000	0	0	0	0	0	0	0	0	X 
719	350	0	0	0	390	25000	0	0	0	0	X 
720	350	0	0	0	0	500000	0	0	0	0	X 
721	351	0	0	0	390	25000	0	0	0	0	X 
722	351	0	0	0	0	500000	0	0	0	0	X 
723	352	0	0	0	390	25000	0	0	0	0	X 
724	352	0	0	0	0	500000	0	0	0	0	X 
725	353	0	0	0	390	25000	0	0	0	0	X 
726	353	1000	0	0	0	0	0	0	0	0	X 
727	354	0	0	0	390	25000	0	0	0	0	X 
728	354	1000	0	0	0	0	0	0	0	0	X 
729	355	0	0	0	390	25000	0	0	0	0	X 
730	355	0	0	0	0	500000	0	0	0	0	X 
731	356	0	0	0	390	25000	0	0	0	0	X 
732	356	0	0	0	0	500000	0	0	0	0	X 
733	357	0	0	0	390	25000	0	0	0	0	X 
734	357	0	0	0	0	500000	0	0	0	0	X 
735	358	0	0	0	994	1	0	0	0	0	X 
736	359	0	0	0	994	1	0	0	0	0	X 
737	360	0	0	0	824	250	0	0	0	0	X 
738	360	0	118100	1	0	0	0	0	0	0	X 
739	361	0	120302	1	0	0	0	0	0	0	X 
741	362	0	118427	1	0	0	0	0	0	0	X 
742	363	0	118427	1	0	0	0	0	0	0	X 
746	364	0	118428	1	0	0	0	0	0	0	X 
747	365	0	118354	1	0	0	0	0	0	0	X 
749	362	0	118475	1	0	0	0	0	0	0	X 
750	363	0	118475	1	0	0	0	0	0	0	X 
751	311	0	0	0	824	300	0	0	0	0	X 
752	312	0	0	0	824	300	0	0	0	0	X 
753	313	0	118529	1	0	0	0	0	0	0	X 
754	314	0	118529	1	0	0	0	0	0	0	X 
755	315	0	118529	1	0	0	0	0	0	0	X 
756	316	0	118529	1	0	0	0	0	0	0	X 
757	317	0	118530	1	0	0	0	0	0	0	X 
758	318	0	118530	1	0	0	0	0	0	0	X 
759	319	0	118530	1	0	0	0	0	0	0	X 
760	320	0	118530	1	0	0	0	0	0	0	X 
761	321	0	118531	1	0	0	0	0	0	0	X 
762	322	0	118531	1	0	0	0	0	0	0	X 
763	323	0	118531	1	0	0	0	0	0	0	X 
764	324	0	118531	1	0	0	0	0	0	0	X 
769	366	200	0	0	0	0	0	0	0	0	X 
771	367	400	0	0	0	0	0	0	0	0	X 
772	368	200	0	0	0	0	0	0	0	0	X 
773	369	400	0	0	0	0	0	0	0	0	X 
774	370	600	0	0	0	0	0	0	0	0	X 
775	371	800	0	0	0	0	0	0	0	0	X 
776	372	1000	0	0	0	0	0	0	0	0	X 
777	373	1200	0	0	0	0	0	0	0	0	X 
778	374	1400	0	0	0	0	0	0	0	0	X 
779	375	1600	0	0	0	0	0	0	0	0	X 
780	376	1800	0	0	0	0	0	0	0	0	X 
781	377	2000	0	0	0	0	0	0	0	0	X 
782	403	0	115280	3	0	0	0	0	0	0	X 
783	404	0	115280	3	0	0	0	0	0	0	X 
784	405	0	115280	3	0	0	0	0	0	0	X 
785	406	0	115280	3	0	0	0	0	0	0	X 
786	407	0	115280	3	0	0	0	0	0	0	X 
787	408	0	115510	18	0	0	0	0	0	0	X 
788	409	0	115510	18	0	0	0	0	0	0	X 
789	410	0	115510	18	0	0	0	0	0	0	X 
790	411	0	115510	18	0	0	0	0	0	0	X 
791	412	0	115510	18	0	0	0	0	0	0	X 
792	413	0	115510	18	0	0	0	0	0	0	X 
793	149	0	120205	1	0	0	0	0	0	0	X 
794	385	0	120302	1	0	0	0	0	0	0	X 
795	380	0	120301	1	0	0	0	0	0	0	X 
796	263	0	114081	1	0	0	0	0	0	0	X 
798	414	0	122273	1	0	0	0	0	0	0	X 
799	415	0	122272	1	0	0	0	0	0	0	X 
800	416	0	122274	1	0	0	0	0	0	0	X 
801	417	0	118354	1	0	0	0	0	0	0	X 
802	418	0	120301	1	0	0	0	0	0	0	X 
803	419	0	120302	1	0	0	0	0	0	0	X 
804	420	20000	0	0	0	0	0	0	0	0	X 
810	426	0	0	0	994	1	0	0	0	0	X 
811	427	0	122484	1	0	0	0	0	0	0	X 
812	428	0	122484	1	0	0	0	0	0	0	X 
813	429	0	122484	1	0	0	0	0	0	0	X 
814	430	0	122484	1	0	0	0	0	0	0	X 
815	421	0	118354	1	0	0	0	0	0	0	X 
816	422	0	122275	1	0	0	0	0	0	0	X 
817	423	0	122273	1	0	0	0	0	0	0	X 
818	424	0	122272	1	0	0	0	0	0	0	X 
819	425	0	122272	1	0	0	0	0	0	0	X 
820	432	0	122478	1	0	0	0	0	0	0	X 
821	433	0	122482	1	0	0	0	0	0	0	X 
822	434	0	122481	1	0	0	0	0	0	0	X 
823	435	0	122480	1	0	0	0	0	0	0	X 
824	436	0	122479	1	0	0	0	0	0	0	X 
825	437	0	122483	1	0	0	0	0	0	0	X 
826	438	0	122478	1	0	0	0	0	0	0	X 
827	439	0	122482	1	0	0	0	0	0	0	X 
828	440	0	122481	1	0	0	0	0	0	0	X 
829	441	0	122480	1	0	0	0	0	0	0	X 
830	442	0	122479	1	0	0	0	0	0	0	X 
831	443	0	122483	1	0	0	0	0	0	0	X 
832	444	0	0	0	823	400	0	0	0	0	X 
833	445	0	0	0	823	400	0	0	0	0	X 
834	395	0	120945	20	0	0	0	0	0	0	X 
835	401	0	120945	20	0	0	0	0	0	0	X 
836	446	0	122485	1	0	0	0	0	0	0	X 
837	447	0	122485	1	0	0	0	0	0	0	X 
838	448	0	122485	1	0	0	0	0	0	0	X 
839	449	0	122485	1	0	0	0	0	0	0	X 
840	450	0	122486	1	0	0	0	0	0	0	X 
841	451	0	122486	1	0	0	0	0	0	0	X 
842	452	0	122486	1	0	0	0	0	0	0	X 
843	453	0	122486	1	0	0	0	0	0	0	X 
844	454	0	122486	1	0	0	0	0	0	0	X 
845	455	0	122486	1	0	0	0	0	0	0	X 
846	456	0	122486	1	0	0	0	0	0	0	X 
847	457	0	122486	1	0	0	0	0	0	0	X 
848	391	0	0	0	823	600	0	0	0	0	X 
849	399	0	0	0	823	600	0	0	0	0	X 
850	396	0	120945	30	0	0	0	0	0	0	X 
851	381	0	120945	30	0	0	0	0	0	0	X 
852	392	0	123857	1	0	0	0	0	0	0	X 
853	384	0	123857	1	0	0	0	0	0	0	X 
854	402	0	118472	1	0	0	0	0	0	0	X 
855	458	0	122576	2	0	0	0	0	0	0	X 
856	459	0	118727	1	0	0	0	0	0	0	X 
857	460	0	118727	1	0	0	0	0	0	0	X 
858	461	0	118729	1	0	0	0	0	0	0	X 
859	462	0	118730	1	0	0	0	0	0	0	X 
860	463	0	118731	1	0	0	0	0	0	0	X 
861	464	0	118732	1	0	0	0	0	0	0	X 
862	465	0	118728	1	0	0	0	0	0	0	X 
863	466	0	118728	1	0	0	0	0	0	0	X 
864	467	0	0	0	828	25	0	0	0	0	X 
865	467	0	109584	1	0	0	0	0	0	0	X 
866	468	0	0	0	821	50	0	0	0	0	X 
867	469	0	0	0	821	25	0	0	0	0	X 
868	469	0	108439	1	0	0	0	0	0	0	X 
869	470	0	0	0	821	50	0	0	0	0	X 
870	471	0	0	0	828	50	0	0	0	0	X 
871	472	0	0	0	828	50	0	0	0	0	X 
872	473	0	0	0	829	50	0	0	0	0	X 
873	474	0	0	0	828	50	0	0	0	0	X 
874	475	0	0	0	829	25	0	0	0	0	X 
875	476	0	109585	3	0	0	0	0	0	0	X 
876	475	0	109585	2	0	0	0	0	0	0	X 
877	477	0	0	0	828	100	0	0	0	0	X 
878	478	0	108439	3	0	0	0	0	0	0	X 
879	479	0	0	0	821	60	0	0	0	0	X 
880	480	0	122576	3	0	0	0	0	0	0	X 
881	481	0	122595	2	0	0	0	0	0	0	X 
882	482	0	122595	3	0	0	0	0	0	0	X 
883	483	0	122590	2	0	0	0	0	0	0	X 
884	484	0	122590	3	0	0	0	0	0	0	X 
885	485	0	122591	2	0	0	0	0	0	0	X 
886	486	0	122591	3	0	0	0	0	0	0	X 
887	487	0	122592	2	0	0	0	0	0	0	X 
888	488	0	122592	3	0	0	0	0	0	0	X 
889	489	0	122593	2	0	0	0	0	0	0	X 
890	490	0	122593	3	0	0	0	0	0	0	X 
891	491	0	122596	2	0	0	0	0	0	0	X 
892	492	0	122596	3	0	0	0	0	0	0	X 
893	493	0	122594	2	0	0	0	0	0	0	X 
894	494	0	122594	3	0	0	0	0	0	0	X 
895	398	0	0	0	823	400	0	0	0	0	X 
896	495	0	0	0	823	400	0	0	0	0	X 
897	394	0	120945	20	0	0	0	0	0	0	X 
898	496	0	120945	20	0	0	0	0	0	0	X 
899	497	0	122580	1	0	0	0	0	0	0	X 
901	498	0	122582	1	0	0	0	0	0	0	X 
902	499	0	122583	1	0	0	0	0	0	0	X 
903	500	0	122584	1	0	0	0	0	0	0	X 
904	501	0	122637	1	0	0	0	0	0	0	X 
905	502	0	122661	1	0	0	0	0	0	0	X 
906	379	0	120301	1	0	0	0	0	0	0	X 
907	397	0	120302	1	0	0	0	0	0	0	X 
908	503	0	123858	1	0	0	0	0	0	0	X 
913	504	0	0	0	0	10	0	0	0	0	X 
914	505	5000	0	0	0	0	0	0	0	0	X 
915	509	0	127040	1	0	0	0	0	0	0	X 
916	508	100	0	0	0	0	0	0	0	0	X 
917	510	0	128966	1	0	0	0	0	0	0	X 
918	511	0	128967	1	0	0	0	0	0	0	X 
919	514	5000	0	0	0	0	0	0	0	0	X 
920	515	5000	0	0	0	0	0	0	0	0	X 
921	516	0	0	0	0	500	0	0	0	0	X 
922	517	1000	0	0	0	0	0	0	0	0	X 
923	518	1000	0	0	0	0	0	0	0	0	X 
924	519	1000	0	0	0	0	0	0	0	0	X 
925	520	1000	0	0	0	0	0	0	0	0	X 
926	522	5	0	0	0	0	0	0	0	0	X 
927	523	5	0	0	0	0	0	0	0	0	X 
928	524	5000	0	0	0	0	0	0	0	0	X 
929	525	5000	0	0	0	0	0	0	0	0	X 
930	526	500	0	0	0	0	0	0	0	0	X 
931	527	500	0	0	0	0	0	0	0	0	X 
932	528	5000	0	0	0	0	0	0	0	0	X 
933	529	5000	0	0	0	0	0	0	0	0	X 
934	530	0	127690	1	0	0	0	0	0	0	X 
935	531	0	127691	1	0	0	0	0	0	0	X 
936	532	0	127692	1	0	0	0	0	0	0	X 
937	533	5000	0	0	0	0	0	0	0	0	X 
938	534	5000	0	0	0	0	0	0	0	0	X 
939	535	10000	0	0	0	0	0	0	0	0	X 
940	536	10000	0	0	0	0	0	0	0	0	X 
941	537	15000	0	0	0	0	0	0	0	0	X 
942	538	0	120945	20	0	0	0	0	0	0	X 
943	539	0	120945	30	0	0	0	0	0	0	X 
944	540	0	120945	50	0	0	0	0	0	0	X 
949	545	0	115510	20	0	0	0	0	0	0	X 
950	546	0	115510	23	0	0	0	0	0	0	X 
951	547	0	115510	35	0	0	0	0	0	0	X 
952	548	0	115510	32	0	0	0	0	0	0	X 
953	549	0	115280	10	0	0	0	0	0	0	X 
954	550	0	115280	8	0	0	0	0	0	0	X 
955	551	0	115280	15	0	0	0	0	0	0	X 
956	552	0	115280	12	0	0	0	0	0	0	X 
957	553	0	0	0	823	2000	0	0	0	0	X 
958	554	0	0	0	823	2500	0	0	0	0	X 
959	555	0	0	0	823	4000	0	0	0	0	X 
960	556	0	0	0	823	5000	0	0	0	0	X 
961	557	5000	0	0	0	0	0	0	0	0	X 
962	558	10000	0	0	0	0	0	0	0	0	X 
963	559	10000	0	0	0	0	0	0	0	0	X 
964	560	15000	0	0	0	0	0	0	0	0	X 
965	561	15000	0	0	0	0	0	0	0	0	X 
967	563	0	113261	10	0	0	0	0	0	0	X 
968	564	0	113261	10	0	0	0	0	0	0	X 
969	565	0	113261	10	0	0	0	0	0	0	X 
970	566	5000	0	0	0	0	0	0	0	0	X 
971	567	5000	0	0	0	0	0	0	0	0	X 
972	568	10000	0	0	0	0	0	0	0	0	X 
973	569	10000	0	0	0	0	0	0	0	0	X 
974	570	0	113264	10	0	0	0	0	0	0	X 
975	571	0	113264	10	0	0	0	0	0	0	X 
994	590	5000	0	0	0	0	0	0	0	0	X 
995	591	5000	0	0	0	0	0	0	0	0	X 
996	592	10000	0	0	0	0	0	0	0	0	X 
997	593	10000	0	0	0	0	0	0	0	0	X 
998	594	0	113262	10	0	0	0	0	0	0	X 
999	595	0	113262	10	0	0	0	0	0	0	X 
1000	596	0	113262	10	0	0	0	0	0	0	X 
1028	623	500	0	0	0	0	0	0	0	0	X 
1029	624	500	0	0	0	0	0	0	0	0	X 
1030	625	500	0	0	0	0	0	0	0	0	X 
1031	626	500	0	0	0	0	0	0	0	0	X 
1032	627	100	0	0	0	0	0	0	0	0	X 
1033	628	500	0	0	0	0	0	0	0	0	X 
1034	629	500	0	0	0	0	0	0	0	0	X 
1035	630	500	0	0	0	0	0	0	0	0	X 
1036	631	100	0	0	0	0	0	0	0	0	X 
1037	632	100	0	0	0	0	0	0	0	0	X 
1038	633	15000	0	0	0	0	0	0	0	0	X 
1039	634	15000	0	0	0	0	0	0	0	0	X 
1040	505	0	0	0	0	5	0	0	0	0	X 
1041	600	0	127783	1	0	0	0	0	0	0	X 
1042	598	0	127796	1	0	0	0	0	0	0	X 
1043	606	0	127793	1	0	0	0	0	0	0	X 
1044	608	0	127780	1	0	0	0	0	0	0	X 
1045	604	0	127792	1	0	0	0	0	0	0	X 
1046	602	0	127779	1	0	0	0	0	0	0	X 
1047	612	0	127784	1	0	0	0	0	0	0	X 
1048	610	0	127797	1	0	0	0	0	0	0	X 
1049	609	0	127810	1	0	0	0	0	0	0	X 
1050	601	0	127805	1	0	0	0	0	0	0	X 
1051	605	0	127806	1	0	0	0	0	0	0	X 
1052	597	0	127809	1	0	0	0	0	0	0	X 
1053	611	0	127823	1	0	0	0	0	0	0	X 
1054	603	0	127818	1	0	0	0	0	0	0	X 
1055	607	0	127819	1	0	0	0	0	0	0	X 
1056	599	0	127822	1	0	0	0	0	0	0	X 
1057	635	0	124389	1	0	0	0	0	0	0	X 
1058	613	0	127799	1	0	0	0	0	0	0	X 
1061	638	5	0	0	0	0	0	0	0	0	X 
1062	639	5	0	0	0	0	0	0	0	0	X 
1064	640	100	0	0	0	0	0	0	0	0	X 
1065	641	100	0	0	0	0	0	0	0	0	X 
1066	643	0	128391	1	0	0	0	0	0	0	X 
1067	562	0	127853	1	0	0	0	0	0	0	X 
1068	642	0	127854	1	0	0	0	0	0	0	X 
1069	644	0	127855	1	0	0	0	0	0	0	X 
1072	645	0	127916	1	0	0	0	0	0	0	X 
1073	646	0	127992	1	0	0	0	0	0	0	X 
1074	647	0	127989	1	0	0	0	0	0	0	X 
1075	636	5	0	0	0	0	0	0	0	0	X 
1076	648	0	128207	1	0	0	0	0	0	0	X 
1077	650	0	128173	1	0	0	0	0	0	0	X 
1078	616	0	128169	1	0	0	0	0	0	0	X 
1079	649	0	128172	1	0	0	0	0	0	0	X 
1080	620	0	0	0	1101	1000	0	0	0	0	X 
1081	617	0	0	0	823	5000	0	0	0	0	X 
1082	621	0	0	0	1101	1000	0	0	0	0	X 
1083	615	0	116769	1	0	0	0	0	0	0	X 
1084	586	0	127784	1	0	0	0	0	0	0	X 
1085	578	0	127779	1	0	0	0	0	0	0	X 
1086	582	0	127780	1	0	0	0	0	0	0	X 
1087	576	0	127783	1	0	0	0	0	0	0	X 
1088	588	0	127797	1	0	0	0	0	0	0	X 
1089	580	0	127792	1	0	0	0	0	0	0	X 
1090	584	0	127793	1	0	0	0	0	0	0	X 
1091	574	0	127796	1	0	0	0	0	0	0	X 
1092	585	0	127810	1	0	0	0	0	0	0	X 
1093	577	0	127805	1	0	0	0	0	0	0	X 
1094	581	0	127806	1	0	0	0	0	0	0	X 
1095	573	0	127809	1	0	0	0	0	0	0	X 
1096	589	0	127799	1	0	0	0	0	0	0	X 
1097	587	0	127823	1	0	0	0	0	0	0	X 
1098	579	0	127818	1	0	0	0	0	0	0	X 
1099	583	0	127819	1	0	0	0	0	0	0	X 
1100	575	0	127822	1	0	0	0	0	0	0	X 
1101	651	1000	0	0	0	0	0	0	0	0	X 
1102	652	1000	0	0	0	0	0	0	0	0	X 
1103	619	0	127856	1	0	0	0	0	0	0	X 
1104	653	100	0	0	0	0	0	0	0	0	X 
1105	654	100	0	0	0	0	0	0	0	0	X 
1106	655	100	0	0	0	0	0	0	0	0	X 
1107	656	100	0	0	0	0	0	0	0	0	X 
1108	657	100	0	0	0	0	0	0	0	0	X 
1109	658	100	0	0	0	0	0	0	0	0	X 
1111	659	500	0	0	0	0	0	0	0	0	X 
1112	660	100	0	0	0	0	0	0	0	0	X 
1113	661	100	0	0	0	0	0	0	0	0	X 
1114	662	100	0	0	0	0	0	0	0	0	X 
1115	663	0	0	0	1101	25	0	0	0	0	X 
1116	664	0	0	0	1101	25	0	0	0	0	X 
1117	665	0	0	0	1101	25	0	0	0	0	X 
1118	666	0	0	0	1101	25	0	0	0	0	X 
1119	667	0	0	0	1101	25	0	0	0	0	X 
1120	668	0	0	0	1101	40	0	0	0	0	X 
1121	669	0	0	0	1101	40	0	0	0	0	X 
1122	670	0	0	0	1101	40	0	0	0	0	X 
1123	671	0	0	0	1101	40	0	0	0	0	X 
1124	672	0	0	0	1101	50	0	0	0	0	X 
1125	673	0	0	0	1101	50	0	0	0	0	X 
1126	674	0	0	0	1101	50	0	0	0	0	X 
1127	675	0	0	0	1101	75	0	0	0	0	X 
1128	676	0	0	0	1101	75	0	0	0	0	X 
1129	677	0	0	0	1101	150	0	0	0	0	X 
1130	678	0	127748	1	0	0	0	0	0	0	X 
1131	679	0	128311	1	0	0	0	0	0	0	X 
1132	680	0	128310	1	0	0	0	0	0	0	X 
1133	681	0	128315	1	0	0	0	0	0	0	X 
1134	682	0	128313	1	0	0	0	0	0	0	X 
1135	683	0	128314	1	0	0	0	0	0	0	X 
1136	684	0	128315	1	0	0	0	0	0	0	X 
1137	685	0	128316	1	0	0	0	0	0	0	X 
1138	686	0	128319	1	0	0	0	0	0	0	X 
1139	687	0	128430	1	0	0	0	0	0	0	X 
1156	541	0	113264	20	0	0	0	0	0	0	X 
1159	542	0	113262	20	0	0	0	0	0	0	X 
1160	618	0	0	0	823	5000	0	0	0	0	X 
1161	622	0	0	0	1101	1000	0	0	0	0	X 
1162	701	0	127854	1	0	0	0	0	0	0	X 
1163	702	0	127854	1	0	0	0	0	0	0	X 
1164	703	0	127854	1	0	0	0	0	0	0	X 
1165	704	0	127854	1	0	0	0	0	0	0	X 
1166	705	0	128391	1	0	0	0	0	0	0	X 
1167	706	0	128391	1	0	0	0	0	0	0	X 
1168	707	0	128391	1	0	0	0	0	0	0	X 
1169	708	0	128391	1	0	0	0	0	0	0	X 
1170	709	0	127855	1	0	0	0	0	0	0	X 
1172	710	0	127855	1	0	0	0	0	0	0	X 
1174	711	0	127855	1	0	0	0	0	0	0	X 
1176	712	0	127855	1	0	0	0	0	0	0	X 
1178	713	0	127853	1	0	0	0	0	0	0	X 
1179	714	0	127853	1	0	0	0	0	0	0	X 
1180	715	0	127853	1	0	0	0	0	0	0	X 
1181	716	0	127853	1	0	0	0	0	0	0	X 
1182	717	1000	0	0	0	0	0	0	0	0	X 
1183	718	1000	0	0	0	0	0	0	0	0	X 
1184	719	1000	0	0	0	0	0	0	0	0	X 
1185	720	1000	0	0	0	0	0	0	0	0	X 
1186	721	1000	0	0	0	0	0	0	0	0	X 
1187	722	1000	0	0	0	0	0	0	0	0	X 
1188	723	1000	0	0	0	0	0	0	0	0	X 
1189	724	1000	0	0	0	0	0	0	0	0	X 
1190	725	1000	0	0	0	0	0	0	0	0	X 
1191	726	1000	0	0	0	0	0	0	0	0	X 
1192	727	1000	0	0	0	0	0	0	0	0	X 
1193	728	1000	0	0	0	0	0	0	0	0	X 
1194	729	1000	0	0	0	0	0	0	0	0	X 
1195	730	1000	0	0	0	0	0	0	0	0	X 
1196	731	1000	0	0	0	0	0	0	0	0	X 
1197	732	1000	0	0	0	0	0	0	0	0	X 
1198	733	1000	0	0	0	0	0	0	0	0	X 
1199	734	1000	0	0	0	0	0	0	0	0	X 
1200	735	1000	0	0	0	0	0	0	0	0	X 
1201	736	1000	0	0	0	0	0	0	0	0	X 
1202	737	1000	0	0	0	0	0	0	0	0	X 
1203	738	1000	0	0	0	0	0	0	0	0	X 
1204	739	1000	0	0	0	0	0	0	0	0	X 
1205	740	1000	0	0	0	0	0	0	0	0	X 
1209	745	0	0	0	1101	400	0	0	0	0	X 
1210	690	0	0	0	0	0	0	0	0	23	X 
1211	691	0	0	0	0	0	0	0	0	24	X 
1212	689	0	0	0	0	0	0	0	0	26	X 
1213	688	0	0	0	0	0	0	0	0	25	X 
1214	693	0	0	0	0	0	0	0	0	19	X 
1215	741	0	0	0	0	0	0	0	0	20	X 
1216	692	0	0	0	0	0	0	0	0	22	X 
1217	742	0	0	0	0	0	0	0	0	21	X 
1218	699	0	0	0	0	0	0	0	0	27	X 
1219	698	0	0	0	0	0	0	0	0	28	X 
1220	694	0	0	0	0	0	0	0	0	15	X 
1221	695	0	0	0	0	0	0	0	0	18	X 
1222	696	0	0	0	0	0	0	0	0	16	X 
1223	697	0	0	0	0	0	0	0	0	17	X 
1224	746	0	128260	1	0	0	0	0	0	0	X 
1225	747	0	128260	1	0	0	0	0	0	0	X 
1226	637	5	0	0	0	0	0	0	0	0	X 
1228	750	15000	0	0	0	0	0	0	0	0	X 
1229	751	15000	0	0	0	0	0	0	0	0	X 
1230	752	0	128693	1	0	0	0	0	0	0	X 
1233	543	0	113261	20	0	0	0	0	0	0	X 
1234	544	0	113263	20	0	0	0	0	0	0	X 
1235	753	0	128707	1	0	0	0	0	0	0	X 
1236	754	0	128747	1	0	0	0	0	0	0	X 
1237	755	0	128748	1	0	0	0	0	0	0	X 
1238	756	0	128749	1	0	0	0	0	0	0	X 
1239	757	0	128809	1	0	0	0	0	0	0	X 
1240	758	0	128968	1	0	0	0	0	0	0	X 
1241	759	0	128969	1	0	0	0	0	0	0	X 
1242	760	0	128970	1	0	0	0	0	0	0	X 
1243	761	0	128971	1	0	0	0	0	0	0	X 
1244	762	0	128972	1	0	0	0	0	0	0	X 
1245	763	0	128973	1	0	0	0	0	0	0	X 
1246	764	0	128975	1	0	0	0	0	0	0	X 
1247	766	0	120978	1	0	0	0	0	0	0	X 
1248	765	0	124360	1	0	0	0	0	0	0	X 
1249	765	0	0	0	0	10000	0	0	0	0	X 
1250	765	0	0	0	1101	300	0	0	0	0	X 
1252	767	0	0	0	0	100000	0	0	0	0	X 
1253	767	0	124376	1	0	0	0	0	0	0	X 
1254	767	0	124369	1	0	0	0	0	0	0	X 
1255	768	0	132274	1	0	0	0	0	0	0	X 
1257	770	0	133552	1	0	0	0	0	0	0	X 
1258	771	0	133937	1	0	0	0	0	0	0	X 
1259	769	50000	0	0	0	0	0	0	0	0	X 
1260	772	0	134033	1	0	0	0	0	0	0	X 
1261	773	0	134063	1	0	0	0	0	0	0	X 
1262	774	0	0	0	0	5	0	0	0	0	X 
1263	775	0	0	0	0	5	0	0	0	0	X 
1264	776	0	137209	1	0	0	0	0	0	0	X 
1265	777	0	0	0	0	5	0	0	0	0	X 
1267	778	1000	0	0	0	0	0	0	0	0	X 
1268	779	1000	0	0	0	0	0	0	0	0	X 
1269	780	1000	0	0	0	0	0	0	0	0	X 
1270	781	1000	0	0	0	0	0	0	0	0	X 
1271	782	1000	0	0	0	0	0	0	0	0	X 
1272	783	1000	0	0	0	0	0	0	0	0	X 
1273	784	1000	0	0	0	0	0	0	0	0	X 
1274	785	0	0	0	0	0	0	0	0	30	X 
1277	786	0	137209	1	0	0	0	0	0	0	X 
1278	787	0	0	0	0	5	0	0	0	0	X 
1279	788	0	0	0	0	5	0	0	0	0	X 
1280	789	0	137209	1	0	0	0	0	0	0	X 
1281	790	0	0	0	0	5	0	0	0	0	X 
1282	791	0	0	0	0	5	0	0	0	0	X 
1283	792	0	137209	1	0	0	0	0	0	0	X 
1284	793	0	0	0	0	5	0	0	0	0	X 
1285	794	0	0	0	0	5	0	0	0	0	X 
1286	795	0	0	0	0	0	0	0	0	32	X 
1287	796	0	0	0	0	0	0	0	0	29	X 
1288	797	0	0	0	0	0	0	0	0	34	X 
1289	798	0	0	0	0	0	0	0	0	33	X 
1290	799	0	0	0	0	0	0	0	0	29	X 
1291	800	0	0	0	0	5	0	0	0	0	X 
1292	801	0	0	0	0	0	0	0	0	0	X 
1293	802	0	0	0	0	0	0	0	0	0	X 
1294	803	0	0	0	0	5	0	0	0	0	X 
1295	804	0	0	0	0	0	0	0	0	0	X 
1296	805	0	0	0	0	0	0	0	0	0	X 
1297	806	0	0	0	0	0	0	0	0	0	X 
1298	807	0	0	0	0	0	0	0	0	0	X 
1300	808	0	0	0	0	5	0	0	0	0	X 
1301	809	0	0	0	0	0	0	0	0	0	X 
1302	810	0	0	0	0	0	0	0	0	0	X 
1304	812	0	0	0	0	0	0	0	0	0	X 
1305	813	0	137209	1	0	0	0	0	0	0	X 
1306	814	0	0	0	0	5	0	0	0	0	X 
1307	815	0	0	0	0	5	0	0	0	0	X 
1308	816	0	137173	1	0	0	0	0	0	0	X 
1309	817	0	0	0	0	5	0	0	0	0	X 
1310	818	0	0	0	0	0	0	0	0	0	X 
1311	821	0	0	0	0	5	0	0	0	0	X 
1312	822	0	0	0	0	5	0	0	0	0	X 
1313	823	0	0	0	0	5	0	0	0	0	X 
1316	825	0	0	0	0	5	0	0	0	0	X 
1317	827	0	0	0	0	0	0	0	0	0	X 
1318	829	0	136834	10	0	0	0	0	0	0	X 
1319	830	0	136834	10	0	0	0	0	0	0	X 
1320	831	0	136834	10	0	0	0	0	0	0	X 
1321	832	0	136834	10	0	0	0	0	0	0	X 
1322	833	0	136834	10	0	0	0	0	0	0	X 
1323	834	0	0	0	0	0	0	0	0	0	X 
1324	835	0	0	0	0	0	0	0	0	0	X 
1325	836	0	0	0	0	0	0	0	0	0	X 
1326	837	0	0	0	0	0	0	0	0	0	X 
1327	838	0	0	0	0	0	0	0	0	0	X 
1328	839	0	0	0	0	0	0	0	0	0	X 
1329	840	0	0	0	0	0	0	0	0	0	X 
1330	841	0	0	0	0	0	0	0	0	0	X 
1331	842	0	0	0	0	5	0	0	0	0	X 
1332	843	0	137209	1	0	0	0	0	0	0	X 
1333	844	0	0	0	0	5	0	0	0	0	X 
1334	845	0	137209	1	0	0	0	0	0	0	X 
1335	846	0	137209	1	0	0	0	0	0	0	X 
1336	847	0	137209	1	0	0	0	0	0	0	X 
1337	848	0	137209	1	0	0	0	0	0	0	X 
1338	849	0	0	0	0	5	0	0	0	0	X 
1339	850	0	0	0	0	5	0	0	0	0	X 
1340	851	0	0	0	0	5	0	0	0	0	X 
1341	852	0	0	0	0	5	0	0	0	0	X 
1342	853	0	0	0	0	5	0	0	0	0	X 
1343	854	0	0	0	0	5	0	0	0	0	X 
1344	855	0	0	0	0	5	0	0	0	0	X 
1345	856	0	0	0	0	5	0	0	0	0	X 
1346	857	0	0	0	0	5	0	0	0	0	X 
1347	858	0	0	0	0	5	0	0	0	0	X 
1348	859	0	137209	1	0	0	0	0	0	0	X 
1349	860	0	137209	1	0	0	0	0	0	0	X 
1350	861	0	137209	1	0	0	0	0	0	0	X 
1351	862	0	137209	1	0	0	0	0	0	0	X 
1352	863	0	137209	1	0	0	0	0	0	0	X 
1353	864	0	0	0	0	5	0	0	0	0	X 
1354	865	0	0	0	0	5	0	0	0	0	X 
1355	866	0	0	0	0	5	0	0	0	0	X 
1356	867	0	0	0	0	5	0	0	0	0	X 
1357	868	0	0	0	0	5	0	0	0	0	X 
1358	869	0	0	0	0	5	0	0	0	0	X 
1359	870	0	0	0	0	5	0	0	0	0	X 
1360	871	0	0	0	0	5	0	0	0	0	X 
1361	872	0	0	0	0	5	0	0	0	0	X 
1362	873	0	0	0	0	5	0	0	0	0	X 
1363	874	0	0	0	0	5	0	0	0	0	X 
1364	875	0	0	0	0	5	0	0	0	0	X 
1365	876	0	0	0	0	5	0	0	0	0	X 
1366	877	0	0	0	0	5	0	0	0	0	X 
1367	878	0	0	0	0	5	0	0	0	0	X 
1368	879	1000	0	0	0	0	0	0	0	0	X 
1369	880	1000	0	0	0	0	0	0	0	0	X 
1370	881	1000	0	0	0	0	0	0	0	0	X 
1371	882	1000	0	0	0	0	0	0	0	0	X 
1372	883	1000	0	0	0	0	0	0	0	0	X 
1373	884	0	0	0	0	0	0	0	0	0	X 
1374	885	0	0	0	0	0	0	0	0	0	X 
1375	886	0	0	0	0	0	0	0	0	0	X 
1381	900	0	137376	1	0	0	0	0	0	0	X 
1382	901	0	137374	1	0	0	0	0	0	0	X 
1383	905	0	0	0	0	1	0	0	0	0	X 
1384	906	0	0	0	0	1	0	0	0	0	X 
1385	907	0	0	0	0	1	0	0	0	0	X 
1386	908	0	0	0	0	1	0	0	0	0	X 
1387	909	0	0	0	0	1	0	0	0	0	X 
1388	912	0	0	0	0	5	0	0	0	0	X 
1389	917	0	137119	1	0	0	0	0	0	0	X 
1390	918	0	137119	1	0	0	0	0	0	0	X 
1391	919	0	137119	1	0	0	0	0	0	0	X 
1392	173	0	0	0	824	32	0	0	0	0	X 
1393	335	0	0	0	824	250	0	0	0	0	X 
1395	921	0	0	0	0	0	0	0	0	0	X 
1396	922	0	0	0	0	0	0	0	0	0	X 
1397	572	0	113264	10	0	0	0	0	0	0	X 
1400	923	0	138120	1	0	0	0	0	0	0	X 
1401	924	0	138121	1	0	0	0	0	0	0	X 
1402	926	0	138137	1	0	0	0	0	0	0	X 
1403	927	0	138138	1	0	0	0	0	0	0	X 
1405	929	0	139140	1	0	0	0	0	0	0	X 
1406	931	0	0	0	0	0	0	0	0	0	X 
1407	932	0	0	0	0	0	0	0	0	0	X 
1424	953	0	0	0	0	0	0	0	0	0	X 
1425	954	0	138232	1	0	0	0	0	0	0	X 
1426	955	0	138252	1	0	0	0	0	0	0	X 
1427	956	0	0	0	0	100000	0	0	0	0	X 
1428	957	0	0	0	0	1	0	0	0	0	X 
1429	958	0	0	0	0	1	0	0	0	0	X 
1430	959	0	0	0	0	1	0	0	0	0	X 
1431	960	0	0	0	0	1	0	0	0	0	X 
1467	1024	0	0	0	0	1	0	0	0	0	X 
1468	1025	0	0	0	0	1	0	0	0	0	X 
1469	1026	0	0	0	0	1	0	0	0	0	X 
1477	1041	0	139608	1	0	0	0	0	0	0	X 
1478	1042	0	140584	1	0	0	0	0	0	0	X 
1479	1043	0	140584	1	0	0	0	0	0	0	X 
1480	1044	0	0	0	0	0	0	0	0	0	X 
1481	1045	0	139508	1	0	0	0	0	0	0	X 
1482	1046	0	140584	1	0	0	0	0	0	0	X 
1483	1047	0	0	0	0	0	0	0	0	0	X 
1484	1048	0	0	0	0	0	0	0	0	0	X 
1485	1049	0	0	0	0	0	0	0	0	0	X 
1486	1051	0	139611	1	0	0	0	0	0	0	X 
1487	1052	0	140584	1	0	0	0	0	0	0	X 
1488	1053	0	0	0	0	0	0	0	0	0	X 
1489	1054	0	0	0	0	0	0	0	0	0	X 
1490	1055	0	139608	1	0	0	0	0	0	0	X 
1491	1056	0	0	0	0	0	0	0	0	0	X 
1492	1057	0	0	0	0	0	0	0	0	0	X 
1493	1058	0	0	0	0	0	0	0	0	0	X 
1494	1059	0	0	0	0	0	0	0	0	0	X 
1495	1060	0	0	0	0	0	0	0	0	0	X 
1496	1061	0	0	0	0	0	0	0	0	0	X 
1497	1062	0	0	0	0	0	0	0	0	0	X 
1498	1063	0	0	0	0	0	0	0	0	0	X 
1499	1064	0	0	0	0	0	0	0	0	0	X 
1500	1065	0	0	0	0	0	0	0	0	0	X 
1501	1066	0	0	0	0	0	0	0	0	0	X 
1511	928	0	140589	1	0	0	0	0	0	0	X 
1515	930	0	140588	1	0	0	0	0	0	0	X 
1516	1111	0	139041	1	0	0	0	0	0	0	X 
1517	1112	0	139041	1	0	0	0	0	0	0	X 
1518	1113	0	138760	1	0	0	0	0	0	0	X 
1519	1114	0	138761	1	0	0	0	0	0	0	X 
1520	1115	0	0	0	0	0	0	0	0	0	X 
1521	1116	0	0	0	0	0	0	0	0	0	X 
1522	1117	0	0	0	0	0	0	0	0	0	X 
1523	1118	0	0	0	0	0	0	0	0	0	X 
1524	1119	0	0	0	0	0	0	0	0	0	X 
1525	1120	0	0	0	0	0	0	0	0	0	X 
1527	1121	0	0	0	0	0	0	0	0	0	X 
1528	1122	0	0	0	0	0	0	0	0	0	X 
1529	1123	0	0	0	0	0	0	0	0	0	X 
1530	1124	0	0	0	0	0	0	0	0	0	X 
1531	1125	0	0	0	0	0	0	0	0	0	X 
1532	1126	0	0	0	0	0	0	0	0	0	X 
1533	1127	0	0	0	0	0	0	0	0	0	X 
1534	1128	0	0	0	0	0	0	0	0	0	X 
1535	1129	0	0	0	0	0	0	0	0	0	X 
1538	1135	0	138849	1	0	0	0	0	0	0	X 
1539	1136	0	138830	1	0	0	0	0	0	0	X 
1540	1137	0	0	0	0	0	0	0	0	0	X 
1541	1138	0	0	0	0	0	0	0	0	0	X 
1542	1139	0	0	0	0	0	0	0	0	0	X 
1543	1140	0	0	0	0	0	0	0	0	0	X 
1544	1141	0	0	0	0	0	0	0	0	0	X 
1547	1142	0	0	0	0	0	0	0	0	0	X 
1548	1143	0	0	0	0	0	0	0	0	0	X 
1549	1144	0	0	0	0	0	0	0	0	0	X 
1550	1146	0	0	0	0	0	0	0	0	0	X 
1551	1147	0	0	0	0	0	0	0	0	0	X 
1552	1148	0	0	0	0	0	0	0	0	0	X 
1553	1149	0	0	0	0	0	0	0	0	0	X 
1554	1150	0	139001	1	0	0	0	0	0	0	X 
1555	1151	0	139002	1	0	0	0	0	0	0	X 
1556	1152	0	0	0	0	0	0	0	0	0	X 
1557	1153	0	139041	1	0	0	0	0	0	0	X 
1558	1154	0	139041	1	0	0	0	0	0	0	X 
1559	1162	0	0	0	0	0	0	0	0	0	X 
1560	1163	0	140584	1	0	0	0	0	0	0	X 
1561	1164	0	139507	1	0	0	0	0	0	0	X 
1562	1165	0	140584	1	0	0	0	0	0	0	X 
1563	1166	0	139608	1	0	0	0	0	0	0	X 
1564	1167	0	140584	1	0	0	0	0	0	0	X 
1565	1168	0	139611	1	0	0	0	0	0	0	X 
1566	1169	0	140584	1	0	0	0	0	0	0	X 
1567	1170	0	0	0	0	0	0	0	0	0	X 
1568	1171	0	140584	1	0	0	0	0	0	0	X 
1569	1172	0	140584	1	0	0	0	0	0	0	X 
1570	1173	0	139614	1	0	0	0	0	0	0	X 
1571	1174	0	0	0	0	0	0	0	0	0	X 
1572	1175	0	140584	1	0	0	0	0	0	0	X 
1573	1176	0	139611	1	0	0	0	0	0	0	X 
1574	1177	0	0	0	0	0	0	0	0	0	X 
1575	1178	0	139507	1	0	0	0	0	0	0	X 
1576	1179	0	140584	1	0	0	0	0	0	0	X 
1577	1180	0	0	0	0	0	0	0	0	0	X 
1578	1181	0	0	0	0	0	0	0	0	0	X 
1579	1182	0	0	0	0	0	0	0	0	0	X 
1580	1183	0	0	0	0	0	0	0	0	0	X 
1581	1184	0	0	0	0	0	0	0	0	0	X 
1582	1185	0	0	0	0	0	0	0	0	0	X 
1583	1186	0	0	0	0	0	0	0	0	0	X 
1584	1187	0	0	0	0	0	0	0	0	0	X 
1585	1188	0	0	0	0	0	0	0	0	0	X 
1586	1189	0	0	0	0	0	0	0	0	0	X 
1587	1190	0	0	0	0	0	0	0	0	0	X 
1588	1191	0	0	0	0	0	0	0	0	0	X 
1589	1192	0	0	0	0	0	0	0	0	0	X 
1590	1193	0	0	0	0	0	0	0	0	0	X 
1591	1194	0	0	0	0	0	0	0	0	0	X 
1592	1195	0	0	0	0	0	0	0	0	0	X 
1593	1196	0	0	0	0	0	0	0	0	0	X 
1594	1197	0	0	0	0	0	0	0	0	0	X 
1595	1198	0	0	0	0	0	0	0	0	0	X 
1596	1199	0	0	0	0	0	0	0	0	0	X 
1597	1200	0	0	0	0	0	0	0	0	0	X 
1598	1201	0	0	0	0	0	0	0	0	0	X 
1599	1202	0	0	0	0	0	0	0	0	0	X 
1600	1203	0	0	0	0	0	0	0	0	0	X 
1601	1204	0	0	0	0	0	0	0	0	0	X 
1602	1210	0	139141	1	0	0	0	0	0	0	X 
1603	1211	0	139143	1	0	0	0	0	0	0	X 
1604	1212	0	139142	1	0	0	0	0	0	0	X 
1605	1213	0	139144	1	0	0	0	0	0	0	X 
1606	1214	0	0	0	0	0	0	0	0	0	X 
1607	1050	0	140136	1	0	0	0	0	0	0	X 
1608	1215	0	139182	1	0	0	0	0	0	0	X 
1609	1216	0	139183	1	0	0	0	0	0	0	X 
1610	1217	0	139184	1	0	0	0	0	0	0	X 
1612	1224	0	137119	1	0	0	0	0	0	0	X 
1613	1225	0	137119	1	0	0	0	0	0	0	X 
1614	1226	0	137119	1	0	0	0	0	0	0	X 
1615	1227	0	137119	1	0	0	0	0	0	0	X 
1617	1231	0	0	0	0	5	0	0	0	0	X 
1618	1232	0	0	0	0	5000	0	0	0	0	X 
1619	1233	0	0	0	0	0	0	0	0	0	X 
1620	1234	0	139368	1	0	0	0	0	0	0	X 
1621	1235	0	139368	1	0	0	0	0	0	0	X 
1622	1236	0	139368	1	0	0	0	0	0	0	X 
1623	1237	0	139368	1	0	0	0	0	0	0	X 
1624	1238	0	139368	1	0	0	0	0	0	0	X 
1625	1239	0	0	0	0	0	0	0	0	0	X 
1626	1240	0	140191	10	0	0	0	0	0	0	X 
1627	1241	0	140191	10	0	0	0	0	0	0	X 
1628	1242	0	140191	10	0	0	0	0	0	0	X 
1629	1243	0	140191	10	0	0	0	0	0	0	X 
1630	1244	0	140191	10	0	0	0	0	0	0	X 
1631	1133	0	140356	1	0	0	0	0	0	0	X 
1632	1132	0	140356	1	0	0	0	0	0	0	X 
1633	1131	0	140356	1	0	0	0	0	0	0	X 
1634	1130	0	140356	1	0	0	0	0	0	0	X 
1635	1156	0	0	0	0	0	0	0	0	0	X 
1636	1155	0	0	0	0	0	0	0	0	0	X 
1637	1245	0	140378	1	0	0	0	0	0	0	X 
1638	1157	0	0	0	0	0	0	0	0	0	X 
1639	1158	0	0	0	0	0	0	0	0	0	X 
1640	1159	0	0	0	0	0	0	0	0	0	X 
1641	1160	0	0	0	0	0	0	0	0	0	X 
1642	1161	0	0	0	0	0	0	0	0	0	X 
1643	1205	0	0	0	0	0	0	0	0	0	X 
1644	1206	0	0	0	0	0	0	0	0	0	X 
1645	1207	0	0	0	0	0	0	0	0	0	X 
1646	1208	0	0	0	0	0	0	0	0	0	X 
1647	1209	0	0	0	0	0	0	0	0	0	X 
1648	914	0	0	0	0	0	0	0	0	0	X 
1649	915	0	0	0	0	0	0	0	0	0	X 
1650	916	0	0	0	0	0	0	0	0	0	X 
1651	1223	0	0	0	0	0	0	0	0	0	X 
1652	1218	0	0	0	0	0	0	0	0	0	X 
1653	1219	0	0	0	0	0	0	0	0	0	X 
1654	1220	0	0	0	0	0	0	0	0	0	X 
1655	1221	0	0	0	0	0	0	0	0	0	X 
1656	1222	0	0	0	0	0	0	0	0	0	X 
1657	1246	0	0	0	0	0	0	0	0	0	X 
1658	1247	0	0	0	0	0	0	0	0	0	X 
1659	1248	0	0	0	0	0	0	0	0	0	X 
1660	1249	0	0	0	0	0	0	0	0	0	X 
1661	1250	0	0	0	0	0	0	0	0	0	X 
1662	913	0	0	0	0	0	0	0	0	0	X 
1663	1251	0	139465	1	0	0	0	0	0	0	X 
1664	1252	0	139465	1	0	0	0	0	0	0	X 
1665	1253	0	139465	1	0	0	0	0	0	0	X 
1666	1254	0	139465	1	0	0	0	0	0	0	X 
1667	1255	0	139465	1	0	0	0	0	0	0	X 
1668	1256	0	0	0	0	0	0	0	0	0	X 
1669	1258	0	0	0	0	0	0	0	0	0	X 
1670	1259	0	0	0	0	0	0	0	0	0	X 
1671	1260	0	0	0	0	0	0	0	0	0	X 
1672	1261	0	0	0	0	0	0	0	0	0	X 
1673	1262	0	0	0	0	0	0	0	0	0	X 
1674	1263	0	0	0	0	0	0	0	0	0	X 
1675	1264	0	0	0	0	0	0	0	0	0	X 
1676	1265	0	0	0	0	0	0	0	0	0	X 
1677	1266	0	0	0	0	0	0	0	0	0	X 
1678	1267	0	0	0	0	0	0	0	0	0	X 
1679	1268	0	0	0	0	0	0	0	0	0	X 
1680	1269	0	0	0	0	0	0	0	0	0	X 
1681	1270	0	0	0	0	0	0	0	0	0	X 
1682	1271	0	0	0	0	0	0	0	0	0	X 
1683	1272	0	0	0	0	0	0	0	0	0	X 
1684	1273	0	0	0	0	0	0	0	0	0	X 
1685	1274	0	0	0	0	0	0	0	0	0	X 
1686	1275	0	0	0	0	0	0	0	0	0	X 
1687	1276	0	0	0	0	0	0	0	0	0	X 
1688	1277	0	0	0	0	0	0	0	0	0	X 
1689	1278	0	0	0	0	0	0	0	0	0	X 
1690	1279	0	139480	1	0	0	0	0	0	0	X 
1691	1280	0	139481	1	0	0	0	0	0	0	X 
1692	1281	0	139482	1	0	0	0	0	0	0	X 
1693	1282	0	139483	1	0	0	0	0	0	0	X 
1694	1285	0	139634	12	0	0	0	0	0	0	X 
1695	1286	0	139634	9	0	0	0	0	0	0	X 
1696	1287	0	139634	8	0	0	0	0	0	0	X 
1697	1288	0	139634	11	0	0	0	0	0	0	X 
1698	1289	0	139634	10	0	0	0	0	0	0	X 
1699	1290	0	140134	1	0	0	0	0	0	0	X 
1700	1293	0	0	0	0	0	0	0	0	0	X 
1701	1294	0	0	0	0	0	0	0	0	0	X 
1702	1295	0	140163	1	0	0	0	0	0	0	X 
1703	1296	0	140164	1	0	0	0	0	0	0	X 
1704	1297	0	140167	1	0	0	0	0	0	0	X 
1705	1298	0	140168	1	0	0	0	0	0	0	X 
1706	1299	0	140165	1	0	0	0	0	0	0	X 
1707	1300	0	140166	1	0	0	0	0	0	0	X 
1708	1301	0	140169	1	0	0	0	0	0	0	X 
1709	1302	0	140170	1	0	0	0	0	0	0	X 
1710	1303	0	140147	1	0	0	0	0	0	0	X 
1711	1304	0	140171	1	0	0	0	0	0	0	X 
1712	1305	0	140172	1	0	0	0	0	0	0	X 
1713	1306	0	140173	1	0	0	0	0	0	0	X 
1714	1307	0	140149	1	0	0	0	0	0	0	X 
1715	1308	0	140174	1	0	0	0	0	0	0	X 
1716	1309	0	140175	1	0	0	0	0	0	0	X 
1717	1310	0	140177	1	0	0	0	0	0	0	X 
1718	1311	0	140151	1	0	0	0	0	0	0	X 
1719	1312	0	140178	1	0	0	0	0	0	0	X 
1720	1313	0	140472	1	0	0	0	0	0	0	X 
1721	1314	0	140180	1	0	0	0	0	0	0	X 
1722	1315	0	140153	1	0	0	0	0	0	0	X 
1723	1316	0	140181	1	0	0	0	0	0	0	X 
1724	1317	0	140182	1	0	0	0	0	0	0	X 
1725	1318	0	140183	1	0	0	0	0	0	0	X 
1726	1319	1000	0	0	0	0	0	0	0	0	X 
1727	1320	3000	0	0	0	0	0	0	0	0	X 
1729	1325	200	0	0	0	0	0	0	0	0	X 
1730	1328	3000	0	0	0	0	0	0	0	0	X 
1732	1331	400	0	0	0	0	0	0	0	0	X 
1733	1332	3000	0	0	0	0	0	0	0	0	X 
1734	1333	600	0	0	0	0	0	0	0	0	X 
1735	1334	600	0	0	0	0	0	0	0	0	X 
1736	1335	800	0	0	0	0	0	0	0	0	X 
1737	1336	1400	0	0	0	0	0	0	0	0	X 
1738	1337	1600	0	0	0	0	0	0	0	0	X 
1739	1338	1800	0	0	0	0	0	0	0	0	X 
1740	1339	2000	0	0	0	0	0	0	0	0	X 
1741	1340	3000	0	0	0	0	0	0	0	0	X 
1742	1341	1800	0	0	0	0	0	0	0	0	X 
1743	1342	1600	0	0	0	0	0	0	0	0	X 
1744	1343	1400	0	0	0	0	0	0	0	0	X 
1745	1344	1200	0	0	0	0	0	0	0	0	X 
1746	1345	1000	0	0	0	0	0	0	0	0	X 
1747	1346	3000	0	0	0	0	0	0	0	0	X 
1748	1347	0	139508	1	0	0	0	0	0	0	X 
1749	1348	0	0	0	0	0	0	0	0	0	X 
1750	1349	0	0	0	0	0	0	0	0	0	X 
1751	1350	0	0	0	0	0	0	0	0	0	X 
1752	1351	0	0	0	0	0	0	0	0	0	X 
1753	1352	0	0	0	0	0	0	0	0	0	X 
1754	1353	0	0	0	0	0	0	0	0	0	X 
1755	1354	0	0	0	0	0	0	0	0	0	X 
1756	1355	0	0	0	0	0	0	0	0	0	X 
1757	1356	0	0	0	0	0	0	0	0	0	X 
1758	1357	0	0	0	0	0	0	0	0	0	X 
1759	1358	0	0	0	0	0	0	0	0	0	X 
1760	1359	0	0	0	0	0	0	0	0	0	X 
1761	1360	0	0	0	0	0	0	0	0	0	X 
1762	1361	0	0	0	0	0	0	0	0	0	X 
1763	1362	0	0	0	0	0	0	0	0	0	X 
1764	1363	0	0	0	0	0	0	0	0	0	X 
1765	1364	0	0	0	0	0	0	0	0	0	X 
1766	1365	0	0	0	0	0	0	0	0	0	X 
1767	1366	0	0	0	0	0	0	0	0	0	X 
1768	1367	0	0	0	0	0	0	0	0	0	X 
1769	1368	0	0	0	0	0	0	0	0	0	X 
1770	1369	0	0	0	0	0	0	0	0	0	X 
1771	1370	0	0	0	0	0	0	0	0	0	X 
1772	1371	0	0	0	0	0	0	0	0	0	X 
1773	1372	0	0	0	0	0	0	0	0	0	X 
1774	1373	0	0	0	0	0	0	0	0	0	X 
1775	1374	0	0	0	0	0	0	0	0	0	X 
1776	1375	0	0	0	0	0	0	0	0	0	X 
1777	1376	0	0	0	0	0	0	0	0	0	X 
1778	1377	0	0	0	0	0	0	0	0	0	X 
1779	1380	0	0	0	0	0	0	0	0	0	X 
1780	1379	0	0	0	0	0	0	0	0	0	X 
1781	1381	0	129165	1	0	0	0	0	0	0	X 
1782	1382	0	130169	1	0	0	0	0	0	0	X 
1783	1383	0	0	0	1273	1	0	0	0	0	X 
1784	1384	0	140587	1	0	0	0	0	0	0	X 
1785	1385	0	124124	1	0	0	0	0	0	0	X 
1786	1386	0	140320	1	0	0	0	0	0	0	X 
1787	1387	0	140316	1	0	0	0	0	0	0	X 
1788	1388	0	0	0	0	1	0	0	0	0	X 
1789	1389	0	0	0	0	0	0	0	0	0	X 
1790	1378	0	0	0	0	0	0	0	0	0	X 
1791	1284	0	0	0	0	0	0	0	0	0	X 
1792	1392	0	140561	1	0	0	0	0	0	0	X 
1793	1393	0	140496	1	0	0	0	0	0	0	X 
1794	1394	0	140562	1	0	0	0	0	0	0	X 
1795	1395	0	140563	1	0	0	0	0	0	0	X 
1796	1283	0	0	0	0	0	0	0	0	0	X 
1797	1390	0	0	0	0	0	0	0	0	0	X 
1798	1391	0	0	0	0	0	0	0	0	0	X 
1799	1396	0	0	0	0	0	0	0	0	0	X 
1800	1397	0	0	0	0	0	0	0	0	0	X 
1801	1398	0	0	0	0	0	0	0	0	0	X 
1802	1399	0	0	0	0	0	0	0	0	0	X 
1803	1400	0	0	0	0	0	0	0	0	0	X 
1804	1401	0	0	0	0	0	0	0	0	0	X 
1805	1402	0	0	0	0	0	0	0	0	0	X 
1806	1403	0	0	0	0	0	0	0	0	0	X 
1807	1404	0	0	0	0	0	0	0	0	0	X 
1808	1405	0	0	0	0	0	0	0	0	0	X 
1809	1406	0	0	0	0	0	0	0	0	0	X 
1810	1407	0	0	0	0	0	0	0	0	0	X 
1811	1408	0	0	0	0	0	0	0	0	0	X 
1812	1409	0	0	0	0	0	0	0	0	0	X 
1813	1410	0	0	0	0	0	0	0	0	0	X 
1814	1411	0	0	0	0	0	0	0	0	0	X 
1815	1412	0	0	0	0	0	0	0	0	0	X 
1816	1413	0	0	0	0	0	0	0	0	0	X 
1817	1414	0	0	0	0	0	0	0	0	0	X 
1818	1415	0	0	0	0	0	0	0	0	0	X 
1819	1416	0	0	0	0	0	0	0	0	0	X 
1820	1417	0	0	0	0	0	0	0	0	0	X 
1821	1418	0	0	0	0	0	0	0	0	0	X 
1822	1419	0	0	0	0	0	0	0	0	0	X 
1823	1420	0	0	0	0	0	0	0	0	0	X 
1824	1421	0	0	0	0	0	0	0	0	0	X 
1825	1422	0	0	0	0	0	0	0	0	0	X 
1826	1423	0	0	0	0	0	0	0	0	0	X 
1827	1424	0	0	0	0	0	0	0	0	0	X 
1828	1425	0	0	0	0	0	0	0	0	0	X 
1829	1426	0	0	0	0	0	0	0	0	0	X 
1830	1427	0	0	0	0	0	0	0	0	0	X 
1831	1428	0	0	0	0	0	0	0	0	0	X 
1832	1429	0	0	0	0	0	0	0	0	0	X 
1833	1430	0	0	0	0	0	0	0	0	0	X 
1834	1431	0	0	0	0	0	0	0	0	0	X 
1835	1432	0	0	0	0	0	0	0	0	0	X 
1836	1433	0	0	0	0	0	0	0	0	0	X 
1837	1434	0	0	0	0	0	0	0	0	0	X 
1838	1435	0	0	0	0	0	0	0	0	0	X 
1839	1436	0	0	0	0	0	0	0	0	0	X 
1849	1443	0	0	0	0	880000	0	0	0	0	X 
1851	1454	0	124389	1	0	0	0	0	0	0	X 
1859	887	0	137251	1	0	0	0	0	0	0	X 
1865	811	0	138248	1	0	0	0	0	0	0	X 
1867	1491	0	142248	1	0	0	0	0	0	0	X 
1868	1492	0	142249	1	0	0	0	0	0	0	X 
1870	1496	0	142340	1	0	0	0	0	0	0	X 
1872	1502	0	142522	1	0	0	0	0	0	0	X 
1873	1503	0	0	0	1299	20	0	0	0	0	X 
1874	1504	0	0	0	1299	20	0	0	0	0	X 
1875	1505	0	143328	1	0	0	0	0	0	0	X 
1876	1506	0	143329	1	0	0	0	0	0	0	X 
1877	1507	0	143478	1	0	0	0	0	0	0	X 
1879	1511	0	143479	1	0	0	0	0	0	0	X 
1880	1512	0	0	0	1299	20	0	0	0	0	X 
1881	1513	0	0	0	1299	20	0	0	0	0	X 
1883	1515	0	0	0	0	150000	0	0	0	0	X 
1885	1519	0	0	0	0	150000	0	0	0	0	X 
1886	1520	0	0	0	0	150000	0	0	0	0	X 
1887	1521	0	0	0	0	0	0	0	0	0	X 
1888	1522	0	0	0	0	0	0	0	0	0	X 
1889	1524	0	0	0	0	0	0	0	0	0	X 
1891	1528	0	0	0	0	150000	0	0	0	0	X 
1892	1529	0	0	0	0	150000	0	0	0	0	X 
1893	1530	0	0	0	0	150000	0	0	0	0	X 
1901	1553	0	0	0	0	0	0	0	0	0	X 
1902	1554	0	0	0	0	0	0	0	0	0	X 
1903	1555	0	0	0	0	0	0	0	0	0	X 
1904	1556	0	0	0	0	0	0	0	0	0	X 
1905	1557	0	0	0	0	0	0	0	0	0	X 
1906	1558	0	0	0	0	0	0	0	0	0	X 
1907	1559	0	0	0	0	0	0	0	0	0	X 
1908	1560	0	0	0	0	0	0	0	0	0	X 
1909	1561	0	0	0	0	0	0	0	0	0	X 
1910	1562	0	0	0	0	0	0	0	0	0	X 
1911	1563	0	0	0	0	0	0	0	0	0	X 
1912	1564	0	0	0	0	0	0	0	0	0	X 
1913	1565	0	0	0	0	0	0	0	0	0	X 
1914	1566	0	0	0	0	0	0	0	0	0	X 
1915	1567	0	0	0	0	0	0	0	0	0	X 
1916	1568	0	0	0	0	0	0	0	0	0	X 
1920	1583	0	0	0	0	0	0	0	0	0	X 
1925	1587	0	0	0	0	0	0	0	0	0	X 
1929	1588	0	0	0	0	0	0	0	0	0	X 
1931	1589	0	0	0	0	0	0	0	0	0	X 
1933	1590	0	0	0	0	0	0	0	0	0	X 
1935	1591	0	0	0	1342	15	0	0	0	0	X 
1937	1592	0	0	0	0	0	0	0	0	0	X 
1939	1593	0	0	0	0	0	0	0	0	0	X 
1941	1594	0	0	0	1342	20	0	0	0	0	X 
1943	1595	0	0	0	0	0	0	0	0	0	X 
1945	1596	0	0	0	0	0	0	0	0	0	X 
1947	1597	0	0	0	0	0	0	0	0	0	X 
1949	1598	0	0	0	0	0	0	0	0	0	X 
1951	1599	0	0	0	0	0	0	0	0	0	X 
1953	1600	0	0	0	0	0	0	0	0	0	X 
1955	1601	0	0	0	1342	25	0	0	0	0	X 
1957	1602	0	0	0	1342	25	0	0	0	0	X 
1959	1603	0	0	0	1342	25	0	0	0	0	X 
1961	1604	0	0	0	0	0	0	0	0	0	X 
1964	1605	0	0	0	0	0	0	0	0	0	X 
1967	1606	0	0	0	0	0	0	0	0	0	X 
1970	1607	0	0	0	0	0	0	0	0	0	X 
1972	1608	0	0	0	0	0	0	0	0	0	X 
1974	1609	0	0	0	0	0	0	0	0	0	X 
1976	1610	0	0	0	0	0	0	0	0	0	X 
1978	1611	0	0	0	0	0	0	0	0	0	X 
1980	1612	0	0	0	0	0	0	0	0	0	X 
1982	1613	0	0	0	0	0	0	0	0	0	X 
1984	1614	0	0	0	0	0	0	0	0	0	X 
1986	1615	0	0	0	0	0	0	0	0	0	X 
1988	1616	0	0	0	0	0	0	0	0	0	X 
1990	1617	0	0	0	0	0	0	0	0	0	X 
1992	1618	0	0	0	0	0	0	0	0	0	X 
1994	1619	0	0	0	0	0	0	0	0	0	X 
1996	1620	0	0	0	0	0	0	0	0	0	X 
1998	1621	0	0	0	0	0	0	0	0	0	X 
2000	1622	0	0	0	0	0	0	0	0	0	X 
2002	1623	0	0	0	0	0	0	0	0	0	X 
2004	1624	0	0	0	0	0	0	0	0	0	X 
2006	1625	0	0	0	0	0	0	0	0	0	X 
2008	1626	0	0	0	0	0	0	0	0	0	X 
2010	1627	0	0	0	0	0	0	0	0	0	X 
2012	1628	0	0	0	0	0	0	0	0	0	X 
2014	1629	0	0	0	0	0	0	0	0	0	X 
2016	1630	0	0	0	0	0	0	0	0	0	X 
2018	1631	0	0	0	0	0	0	0	0	0	X 
2020	1632	0	0	0	0	0	0	0	0	0	X 
2022	1633	0	0	0	0	0	0	0	0	0	X 
2024	1634	0	0	0	0	0	0	0	0	0	X 
2026	1635	0	0	0	0	0	0	0	0	0	X 
2028	1636	0	0	0	0	0	0	0	0	0	X 
2030	1637	0	0	0	0	0	0	0	0	0	X 
2032	1638	0	0	0	0	0	0	0	0	0	X 
2034	1639	0	0	0	0	0	0	0	0	0	X 
2036	1640	0	0	0	0	0	0	0	0	0	X 
2038	1641	0	0	0	0	0	0	0	0	0	X 
2040	1642	0	0	0	0	0	0	0	0	0	X 
2042	1643	0	0	0	0	0	0	0	0	0	X 
2044	1644	0	0	0	0	0	0	0	0	0	X 
2046	1645	0	0	0	0	0	0	0	0	0	X 
2048	1646	0	0	0	0	0	0	0	0	0	X 
2050	1647	0	0	0	0	0	0	0	0	0	X 
2052	1648	0	0	0	0	0	0	0	0	0	X 
2054	1649	0	0	0	0	0	0	0	0	0	X 
2056	1650	0	0	0	0	0	0	0	0	0	X 
2058	1651	0	0	0	0	0	0	0	0	0	X 
2060	1652	0	0	0	0	0	0	0	0	0	X 
2062	1653	0	0	0	0	0	0	0	0	0	X 
2064	1654	0	0	0	0	0	0	0	0	0	X 
2065	1655	0	0	0	1342	25	0	0	0	0	X 
2066	1656	0	0	0	0	0	0	0	0	0	X 
2067	1657	0	0	0	0	0	0	0	0	0	X 
2068	1658	0	0	0	0	0	0	0	0	0	X 
2069	1659	0	0	0	0	0	0	0	0	0	X 
2070	1660	0	0	0	0	0	0	0	0	0	X 
2071	1661	0	0	0	0	0	0	0	0	0	X 
2072	1662	0	0	0	0	0	0	0	0	0	X 
2073	1663	0	0	0	0	0	0	0	0	0	X 
2074	1664	0	0	0	0	0	0	0	0	0	X 
2075	1665	0	0	0	0	0	0	0	0	0	X 
2076	1666	0	0	0	0	0	0	0	0	0	X 
2077	1667	0	0	0	0	0	0	0	0	0	X 
2078	1668	0	0	0	0	0	0	0	0	0	X 
2079	1669	0	0	0	0	0	0	0	0	0	X 
2080	1670	0	0	0	0	0	0	0	0	0	X 
2081	1671	0	0	0	1342	50	0	0	0	0	X 
2082	1672	0	0	0	0	0	0	0	0	0	X 
2083	1673	0	0	0	0	0	0	0	0	0	X 
2084	1674	0	0	0	0	0	0	0	0	0	X 
2085	1675	0	0	0	0	0	0	0	0	0	X 
2086	1676	0	0	0	0	0	0	0	0	0	X 
2091	1680	0	0	0	0	0	0	0	0	0	X 
2093	1681	0	0	0	0	0	0	0	0	0	X 
2097	1682	0	0	0	0	0	0	0	0	0	X 
2100	1683	0	0	0	0	0	0	0	0	0	X 
2102	1687	0	0	0	0	0	0	0	0	0	X 
2107	1697	0	0	0	0	0	0	0	0	0	X 
2109	1698	0	0	0	0	0	0	0	0	0	X 
2111	1699	0	0	0	0	0	0	0	0	0	X 
2116	1786	0	0	0	0	0	0	0	0	0	X 
2117	1787	0	0	0	0	0	0	0	0	0	X 
2118	1788	0	0	0	0	0	0	0	0	0	X 
2119	1789	0	0	0	0	0	0	0	0	0	X 
2120	1790	0	0	0	0	0	0	0	0	0	X 
2121	1791	0	0	0	0	0	0	0	0	0	X 
2122	1779	0	0	0	0	0	0	0	0	0	X 
2123	1778	0	0	0	0	0	0	0	0	0	X 
2124	1777	0	0	0	0	0	0	0	0	0	X 
2125	1776	0	0	0	0	0	0	0	0	0	X 
2126	1775	0	0	0	0	0	0	0	0	0	X 
2127	1774	0	0	0	0	0	0	0	0	0	X 
2128	1704	0	0	0	0	0	0	0	0	0	X 
2129	1708	0	0	0	0	0	0	0	0	0	X 
2130	1709	0	0	0	0	0	0	0	0	0	X 
2131	1710	0	0	0	0	0	0	0	0	0	X 
2132	1711	0	0	0	0	0	0	0	0	0	X 
2133	1712	0	0	0	0	0	0	0	0	0	X 
2134	1713	0	0	0	0	0	0	0	0	0	X 
2135	1714	0	0	0	0	0	0	0	0	0	X 
2136	1715	0	0	0	0	0	0	0	0	0	X 
2138	1717	0	0	0	0	0	0	0	0	0	X 
2139	1718	0	0	0	0	0	0	0	0	0	X 
2140	1719	0	0	0	0	0	0	0	0	0	X 
2141	1720	0	0	0	0	0	0	0	0	0	X 
2142	1721	0	0	0	0	0	0	0	0	0	X 
2143	1722	0	0	0	0	0	0	0	0	0	X 
2144	1723	0	0	0	0	0	0	0	0	0	X 
2145	1724	0	0	0	0	0	0	0	0	0	X 
2146	1725	0	0	0	0	0	0	0	0	0	X 
2148	1727	0	0	0	0	0	0	0	0	0	X 
2149	1728	0	0	0	0	0	0	0	0	0	X 
2150	1729	0	0	0	0	0	0	0	0	0	X 
2151	1730	0	0	0	0	0	0	0	0	0	X 
2152	1731	0	0	0	0	0	0	0	0	0	X 
2153	1732	0	0	0	0	0	0	0	0	0	X 
2154	1733	0	0	0	0	0	0	0	0	0	X 
2155	1734	0	0	0	0	0	0	0	0	0	X 
2156	1735	0	0	0	0	0	0	0	0	0	X 
2158	1737	0	0	0	0	0	0	0	0	0	X 
2159	1738	0	0	0	0	0	0	0	0	0	X 
2160	1739	0	0	0	0	0	0	0	0	0	X 
2161	1740	0	0	0	0	0	0	0	0	0	X 
2162	1741	0	0	0	0	0	0	0	0	0	X 
2163	1742	0	0	0	0	0	0	0	0	0	X 
2164	1743	0	0	0	0	0	0	0	0	0	X 
2165	1744	0	0	0	0	0	0	0	0	0	X 
2166	1745	0	0	0	0	0	0	0	0	0	X 
2168	1747	0	0	0	0	0	0	0	0	0	X 
2169	1748	0	0	0	0	0	0	0	0	0	X 
2170	1749	0	0	0	0	0	0	0	0	0	X 
2171	1750	0	0	0	0	0	0	0	0	0	X 
2172	1751	0	0	0	0	0	0	0	0	0	X 
2173	1752	0	0	0	0	0	0	0	0	0	X 
2174	1753	0	0	0	0	0	0	0	0	0	X 
2175	1754	0	0	0	0	0	0	0	0	0	X 
2176	1755	0	0	0	0	0	0	0	0	0	X 
2178	1757	0	0	0	0	0	0	0	0	0	X 
2179	1758	0	0	0	0	0	0	0	0	0	X 
2180	1759	0	0	0	0	0	0	0	0	0	X 
2181	1760	0	0	0	0	0	0	0	0	0	X 
2182	1761	0	0	0	0	0	0	0	0	0	X 
2183	1762	0	0	0	0	0	0	0	0	0	X 
2184	1763	0	0	0	0	0	0	0	0	0	X 
2185	1764	0	0	0	0	0	0	0	0	0	X 
2186	1765	0	0	0	0	0	0	0	0	0	X 
2188	1767	0	0	0	0	0	0	0	0	0	X 
2189	1768	0	0	0	0	0	0	0	0	0	X 
2190	1769	0	0	0	0	0	0	0	0	0	X 
2191	1770	0	0	0	0	0	0	0	0	0	X 
2192	1771	0	151842	1	0	0	0	0	0	0	X 
2193	1772	0	151843	1	0	0	0	0	0	0	X 
2194	1773	0	151844	1	0	0	0	0	0	0	X 
2196	1780	0	0	0	0	0	0	0	0	0	X 
2197	1781	0	152433	1	0	0	0	0	0	0	X 
2202	1784	0	152432	1	0	0	0	0	0	0	X 
2203	1785	0	0	0	0	0	0	0	0	0	X 
2204	1782	0	152434	1	0	0	0	0	0	0	X 
2205	1783	0	152431	1	0	0	0	0	0	0	X 
2208	1792	0	0	0	0	0	0	0	0	0	X 
2209	1793	0	0	0	0	0	0	0	0	0	X 
2210	1794	0	0	0	0	0	0	0	0	0	X 
2211	1795	0	0	0	0	0	0	0	0	0	X 
2212	1796	0	0	0	0	0	0	0	0	0	X 
2213	1797	0	0	0	0	0	0	0	0	0	X 
2214	1798	0	0	0	0	0	0	0	0	0	X 
2215	1799	0	0	0	0	0	0	0	0	0	X 
2216	1800	0	0	0	0	0	0	0	0	0	X 
2217	1801	0	0	0	0	0	0	0	0	0	X 
2218	1815	0	0	0	0	0	0	0	0	0	X 
2219	1816	0	0	0	0	0	0	0	0	0	X 
2220	1716	0	0	0	0	0	0	0	0	0	X 
2222	1736	0	0	0	0	0	0	0	0	0	X 
2224	1756	0	0	0	0	0	0	0	0	0	X 
2226	1766	0	0	0	0	0	0	0	0	0	X 
2227	1746	0	0	0	0	0	0	0	0	0	X 
2228	1726	0	0	0	0	0	0	0	0	0	X 
2234	1832	0	151844	1	0	0	0	0	0	0	X 
2235	1833	0	151843	1	0	0	0	0	0	0	X 
2236	1834	0	151842	1	0	0	0	0	0	0	X 
2243	1853	0	155632	1	0	0	0	0	0	0	X 
2245	1854	0	0	0	0	0	0	0	0	0	X 
2248	1859	0	0	0	0	0	0	0	0	0	X 
2254	1861	0	0	0	0	0	0	0	0	0	X 
2257	1865	0	0	0	0	0	0	0	0	0	X 
2264	1876	0	155632	1	0	0	0	0	0	0	X 
2268	1877	0	160982	1	0	0	0	0	0	0	X 
2270	1878	0	160983	1	0	0	0	0	0	0	X 
2272	1879	0	0	0	0	0	0	0	0	0	X 
2287	1880	0	161121	1	0	0	0	0	0	0	X 
2292	1886	0	0	0	0	0	0	0	0	0	X 
2297	1891	0	0	0	0	0	0	0	0	0	X 
2302	1896	0	0	0	0	0	0	0	0	0	X 
2303	1897	0	0	0	0	0	0	0	0	0	X 
2304	1898	0	0	0	0	0	0	0	0	0	X 
2305	1899	0	0	0	0	0	0	0	0	0	X 
2307	1901	0	0	0	0	0	0	0	0	0	X 
2309	1903	0	0	0	0	0	0	0	0	0	X 
2310	1904	0	0	0	0	0	0	0	0	0	X 
2311	1905	0	0	0	0	0	0	0	0	0	X 
2312	1906	0	0	0	0	0	0	0	0	0	X 
2320	1914	0	0	0	0	0	0	0	0	0	X 
2321	1915	0	0	0	0	0	0	0	0	0	X 
2322	1916	0	0	0	0	0	0	0	0	0	X 
2323	1917	0	0	0	0	0	0	0	0	0	X 
2324	1918	0	0	0	0	0	0	0	0	0	X 
2325	1919	0	0	0	0	0	0	0	0	0	X 
2326	1920	0	0	0	0	0	0	0	0	0	X 
2327	1921	0	0	0	0	0	0	0	0	0	X 
2330	1924	0	155632	1	0	0	0	0	0	0	X 
2331	1925	0	0	0	0	0	0	0	0	0	X 
2332	1926	0	0	0	0	0	0	0	0	0	X 
2335	1929	0	0	0	0	0	0	0	0	0	X 
2336	1930	0	0	0	0	0	0	0	0	0	X 
2337	1931	0	0	0	0	0	0	0	0	0	X 
2338	1932	0	0	0	0	0	0	0	0	0	X 
2341	1935	0	0	0	0	0	0	0	0	0	X 
2342	1936	0	0	0	0	0	0	0	0	0	X 
2343	1937	0	0	0	0	0	0	0	0	0	X 
2347	1941	0	0	0	0	0	0	0	0	0	X 
2348	1942	0	0	0	0	0	0	0	0	0	X 
2349	1943	0	0	0	0	0	0	0	0	0	X 
2350	1944	0	0	0	0	0	0	0	0	0	X 
2358	1952	0	0	0	0	0	0	0	0	0	X 
2359	1953	0	0	0	0	0	0	0	0	0	X 
2360	1954	0	0	0	0	0	0	0	0	0	X 
2361	1955	0	0	0	0	0	0	0	0	0	X 
2362	1956	0	0	0	0	0	0	0	0	0	X 
2368	1957	0	163507	1	0	0	0	0	0	0	X 
2370	1958	0	0	0	0	0	0	0	0	0	X 
2374	1884	0	0	0	0	0	0	0	0	0	X 
2375	1888	0	0	0	0	0	0	0	0	0	X 
2376	1922	0	0	0	0	0	0	0	0	0	X 
2377	1928	0	0	0	0	0	0	0	0	0	X 
2378	1933	0	0	0	0	0	0	0	0	0	X 
2379	1934	0	0	0	0	0	0	0	0	0	X 
2380	1959	0	0	0	0	0	0	0	0	0	X 
2381	1923	0	0	0	0	0	0	0	0	0	X 
2382	1895	0	0	0	0	0	0	0	0	0	X 
2383	1890	0	0	0	0	0	0	0	0	0	X 
2384	1885	0	0	0	0	0	0	0	0	0	X 
2385	1889	0	0	0	0	0	0	0	0	0	X 
2386	1927	0	0	0	0	0	0	0	0	0	X 
2387	1910	0	0	0	0	0	0	0	0	0	X 
2388	1940	0	0	0	0	0	0	0	0	0	X 
2389	1948	0	0	0	0	0	0	0	0	0	X 
2390	1908	0	0	0	0	0	0	0	0	0	X 
2391	1900	0	0	0	0	0	0	0	0	0	X 
2392	1913	0	0	0	0	0	0	0	0	0	X 
2393	1947	0	0	0	0	0	0	0	0	0	X 
2394	1938	0	0	0	0	0	0	0	0	0	X 
2395	1951	0	0	0	0	0	0	0	0	0	X 
2396	1909	0	0	0	0	0	0	0	0	0	X 
2397	1902	0	0	0	0	0	0	0	0	0	X 
2398	1907	0	0	0	0	0	0	0	0	0	X 
2399	1946	0	0	0	0	0	0	0	0	0	X 
2400	1939	0	0	0	0	0	0	0	0	0	X 
2401	1945	0	0	0	0	0	0	0	0	0	X 
2402	1866	0	0	0	0	0	0	0	0	0	X 
2403	1882	0	0	0	0	0	0	0	0	0	X 
2404	1883	0	0	0	0	0	0	0	0	0	X 
2405	1858	0	0	0	0	0	0	0	0	0	X 
2406	1887	0	0	0	0	0	0	0	0	0	X 
2407	1892	0	0	0	0	0	0	0	0	0	X 
2408	1893	0	0	0	0	0	0	0	0	0	X 
2409	1894	0	0	0	0	0	0	0	0	0	X 
2410	1912	0	0	0	0	0	0	0	0	0	X 
2411	1911	0	0	0	0	0	0	0	0	0	X 
2412	1950	0	0	0	0	0	0	0	0	0	X 
2413	1949	0	0	0	0	0	0	0	0	0	X 
2415	1963	0	161385	1	0	0	0	0	0	0	X 
2416	1964	0	161449	1	0	0	0	0	0	0	X 
2419	1965	0	161482	1	0	0	0	0	0	0	X 
2422	1966	0	161487	1	0	0	0	0	0	0	X 
2424	1967	0	162119	1	0	0	0	0	0	0	X 
2523	2067	0	162511	1	0	0	0	0	0	0	X 
2528	2068	0	162543	1	0	0	0	0	0	0	X 
2531	2069	0	162576	1	0	0	0	0	0	0	X 
2532	2070	0	162603	1	0	0	0	0	0	0	X 
2534	2089	0	162645	1	0	0	0	0	0	0	X 
2536	2090	0	162975	1	0	0	0	0	0	0	X 
2539	2091	0	163038	1	0	0	0	0	0	0	X 
2540	2092	0	163184	1	0	0	0	0	0	0	X 
2544	2093	0	163190	1	0	0	0	0	0	0	X 
2548	2094	0	163193	1	0	0	0	0	0	0	X 
2552	2095	0	163334	1	0	0	0	0	0	0	X 
2553	2096	0	163535	1	0	0	0	0	0	0	X 
2555	2097	0	163571	1	0	0	0	0	0	0	X 
2558	2098	0	163594	1	0	0	0	0	0	0	X 
2560	2099	0	163600	1	0	0	0	0	0	0	X 
2566	2100	0	163610	1	0	0	0	0	0	0	X 
2568	2079	0	0	0	0	0	0	0	0	0	X 
2569	2080	0	0	0	0	0	0	0	0	0	X 
2570	2088	0	0	0	0	0	0	0	0	0	X 
2571	2087	0	0	0	0	0	0	0	0	0	X 
2572	2081	0	0	0	0	0	0	0	0	0	X 
2573	2082	0	0	0	0	0	0	0	0	0	X 
2574	2086	0	0	0	0	0	0	0	0	0	X 
2575	2085	0	0	0	0	0	0	0	0	0	X 
2576	2083	0	0	0	0	0	0	0	0	0	X 
2577	2084	0	0	0	0	0	0	0	0	0	X 
2578	2071	0	0	0	0	0	0	0	0	0	X 
2579	2072	0	0	0	0	0	0	0	0	0	X 
2580	2075	0	0	0	0	0	0	0	0	0	X 
2581	2076	0	0	0	0	0	0	0	0	0	X 
2582	2073	0	0	0	0	0	0	0	0	0	X 
2583	2074	0	0	0	0	0	0	0	0	0	X 
2584	2078	0	0	0	0	0	0	0	0	0	X 
2585	2077	0	0	0	0	0	0	0	0	0	X 
