119	32	104	0	X 
173	15	114	0	X 
174	15	116	0	X 
175	15	118	0	X 
179	15	117	0	X 
180	15	115	0	X 
191	16	114	0	X 
192	16	116	0	X 
193	16	118	0	X 
194	16	117	0	X 
195	16	115	0	X 
196	18	114	0	X 
197	18	116	0	X 
198	18	118	0	X 
199	18	117	0	X 
200	18	119	0	X 
201	19	133	0	X 
202	19	139	0	X 
203	19	134	0	X 
204	19	137	0	X 
205	19	182	0	X 
206	20	138	0	X 
207	20	133	0	X 
208	20	132	0	X 
209	20	108	0	X 
210	20	182	0	X 
211	21	133	0	X 
212	21	132	0	X 
213	21	108	0	X 
214	21	182	0	X 
215	21	134	0	X 
216	6	133	0	X 
217	6	134	0	X 
218	6	136	0	X 
219	6	135	0	X 
220	6	137	0	X 
293	7	165	0	X 
294	7	167	0	X 
295	7	101	0	X 
296	7	103	0	X 
297	7	163	0	X 
298	8	165	0	X 
299	8	167	0	X 
300	8	101	0	X 
301	8	103	0	X 
302	8	166	0	X 
303	122	165	0	X 
304	122	167	0	X 
305	122	101	0	X 
306	122	103	0	X 
307	122	164	0	X 
308	123	171	0	X 
309	123	172	0	X 
310	123	173	0	X 
311	123	169	0	X 
312	123	170	0	X 
313	124	171	0	X 
314	124	172	0	X 
315	124	173	0	X 
316	124	170	0	X 
317	124	5	0	X 
318	125	171	0	X 
319	125	172	0	X 
320	125	173	0	X 
321	125	168	0	X 
322	125	5	0	X 
323	126	143	0	X 
324	126	141	0	X 
325	126	142	0	X 
326	126	144	0	X 
327	126	140	0	X 
328	127	143	0	X 
329	127	142	0	X 
330	127	145	0	X 
331	127	146	0	X 
332	127	147	0	X 
333	128	143	0	X 
334	128	144	0	X 
335	128	140	0	X 
336	128	147	0	X 
337	128	183	0	X 
338	129	126	0	X 
339	129	127	0	X 
340	129	129	0	X 
341	129	128	0	X 
342	129	125	0	X 
343	130	126	0	X 
344	130	127	0	X 
345	130	123	0	X 
346	130	125	0	X 
347	130	124	0	X 
348	131	126	0	X 
349	131	127	0	X 
350	131	124	0	X 
351	131	131	0	X 
352	131	130	0	X 
353	132	148	0	X 
354	132	10	0	X 
355	132	11	0	X 
356	132	149	0	X 
357	132	151	0	X 
358	133	148	0	X 
359	133	10	0	X 
360	133	11	0	X 
361	133	149	0	X 
362	133	150	0	X 
363	134	148	0	X 
364	134	10	0	X 
365	134	151	0	X 
366	134	150	0	X 
367	134	152	0	X 
368	135	105	0	X 
369	135	104	0	X 
370	135	160	0	X 
371	135	162	0	X 
372	135	159	0	X 
373	136	105	0	X 
374	136	104	0	X 
375	136	160	0	X 
376	136	162	0	X 
377	136	161	0	X 
378	137	105	0	X 
379	137	104	0	X 
380	137	160	0	X 
381	137	159	0	X 
382	137	161	0	X 
383	138	106	0	X 
384	138	158	0	X 
385	138	157	0	X 
386	138	154	0	X 
387	138	155	0	X 
388	139	106	0	X 
389	139	158	0	X 
390	139	157	0	X 
391	139	156	0	X 
392	139	154	0	X 
393	140	106	0	X 
394	140	154	0	X 
395	140	153	0	X 
396	140	107	0	X 
397	140	155	0	X 
398	141	176	0	X 
399	141	179	0	X 
400	141	181	0	X 
401	141	178	0	X 
402	141	180	0	X 
403	142	179	0	X 
404	142	181	0	X 
405	142	174	0	X 
406	142	178	0	X 
407	142	177	0	X 
408	143	179	0	X 
409	143	181	0	X 
410	143	175	0	X 
411	143	180	0	X 
412	143	177	0	X 
413	144	120	0	X 
414	144	102	0	X 
415	144	121	0	X 
416	144	122	0	X 
417	144	100	0	X 
418	145	120	0	X 
419	145	102	0	X 
420	145	121	0	X 
422	145	6	0	X 
423	146	120	0	X 
424	146	102	0	X 
425	146	121	0	X 
426	146	100	0	X 
427	146	6	0	X 
428	145	122	0	X 
429	147	45	0	X 
430	147	47	0	X 
431	147	48	0	X 
432	147	8	0	X 
433	147	49	0	X 
434	147	7	0	X 
435	147	46	0	X 
436	147	44	0	X 
437	147	9	0	X 
438	148	68	0	X 
439	148	71	0	X 
440	148	73	0	X 
441	148	72	0	X 
442	148	69	0	X 
443	148	70	0	X 
444	148	66	0	X 
445	148	64	0	X 
446	148	75	0	X 
447	148	63	0	X 
448	148	65	0	X 
449	148	67	0	X 
450	148	74	0	X 
451	149	39	0	X 
452	149	4	0	X 
453	149	38	0	X 
454	149	41	0	X 
455	149	36	0	X 
456	149	40	0	X 
457	149	37	0	X 
458	149	43	0	X 
459	149	42	0	X 
460	150	61	0	X 
461	150	62	0	X 
462	150	52	0	X 
463	150	60	0	X 
464	150	59	0	X 
465	150	58	0	X 
466	150	53	0	X 
468	150	57	0	X 
469	150	56	0	X 
470	150	55	0	X 
471	150	54	0	X 
472	151	29	0	X 
473	151	30	0	X 
474	151	78	0	X 
475	151	77	0	X 
476	151	76	0	X 
494	92	171	0	X 
495	90	172	0	X 
496	91	173	0	X 
497	115	115	0	X 
498	116	118	0	X 
499	117	114	0	X 
500	100	134	0	X 
501	99	182	0	X 
502	98	132	0	X 
503	101	136	0	X 
504	114	165	0	X 
505	112	167	0	X 
506	113	101	0	X 
507	118	141	0	X 
508	120	146	0	X 
509	119	144	0	X 
510	107	128	0	X 
511	105	123	0	X 
512	106	130	0	X 
514	96	149	0	X 
515	108	10	0	X 
516	97	11	0	X 
517	94	105	0	X 
518	95	104	0	X 
519	93	160	0	X 
520	109	154	0	X 
521	110	156	0	X 
522	111	106	0	X 
523	104	181	0	X 
524	102	177	0	X 
525	103	179	0	X 
526	88	120	0	X 
527	89	102	0	X 
528	87	6	0	X 
534	155	6	0	X 
536	154	171	0	X 
555	157	102	0	X 
572	168	121	0	X 
576	170	62	0	X 
583	171	122	0	X 
584	172	123	0	X 
602	181	173	0	X 
614	189	122	0	X 
620	192	57	0	X 
623	151	221	0	X 
624	151	222	0	X 
629	195	160	0	X 
633	202	227	0	X 
634	194	228	0	X 
643	208	102	0	X 
644	203	122	0	X 
653	211	164	0	X 
657	194	134	0	X 
665	207	231	0	X 
666	216	231	0	X 
671	218	231	0	X 
674	219	231	0	X 
676	193	231	0	X 
677	220	141	0	X 
678	220	142	0	X 
679	220	69	0	X 
680	220	4	0	X 
681	220	79	0	X 
688	172	123	1	X 
695	179	59	1	X 
697	184	57	1	X 
698	181	173	1	X 
702	185	101	1	X 
704	151	221	1	X 
706	202	227	1	X 
707	194	228	1	X 
708	189	122	1	X 
717	220	141	1	X 
720	194	134	1	X 
723	220	142	1	X 
724	32	104	1	X 
728	220	69	1	X 
732	220	4	1	X 
733	220	79	1	X 
736	115	115	1	X 
737	116	118	1	X 
738	117	114	1	X 
739	100	134	1	X 
740	99	182	1	X 
741	98	132	1	X 
742	101	136	1	X 
743	114	165	1	X 
744	112	167	1	X 
745	113	101	1	X 
746	92	171	1	X 
747	90	172	1	X 
748	91	173	1	X 
749	118	141	1	X 
750	120	146	1	X 
751	119	144	1	X 
752	107	128	1	X 
753	105	123	1	X 
754	106	130	1	X 
755	93	160	1	X 
756	96	149	1	X 
757	108	10	1	X 
758	97	11	1	X 
759	94	105	1	X 
760	95	104	1	X 
761	109	154	1	X 
762	110	156	1	X 
763	111	106	1	X 
764	104	181	1	X 
765	102	177	1	X 
766	103	179	1	X 
767	88	120	1	X 
768	89	102	1	X 
769	87	6	1	X 
771	154	171	1	X 
784	204	122	1	X 
785	208	102	1	X 
788	203	122	1	X 
790	16	114	1	X 
791	19	133	1	X 
792	19	139	1	X 
793	19	134	1	X 
794	19	137	1	X 
795	19	182	1	X 
796	20	138	1	X 
797	20	133	1	X 
798	20	132	1	X 
799	20	108	1	X 
800	16	116	1	X 
801	16	118	1	X 
802	16	117	1	X 
803	16	115	1	X 
804	18	114	1	X 
805	18	116	1	X 
806	18	118	1	X 
807	18	117	1	X 
808	18	119	1	X 
809	20	182	1	X 
810	21	133	1	X 
811	21	132	1	X 
812	21	108	1	X 
813	21	182	1	X 
814	21	134	1	X 
815	6	133	1	X 
816	6	134	1	X 
817	6	136	1	X 
818	6	135	1	X 
819	6	137	1	X 
820	7	165	1	X 
821	7	167	1	X 
822	7	101	1	X 
823	7	103	1	X 
824	7	163	1	X 
825	8	165	1	X 
826	8	167	1	X 
827	8	101	1	X 
828	8	103	1	X 
829	8	166	1	X 
830	122	165	1	X 
831	122	167	1	X 
832	122	101	1	X 
833	122	103	1	X 
834	122	164	1	X 
835	123	171	1	X 
836	123	172	1	X 
837	123	173	1	X 
838	123	169	1	X 
839	123	170	1	X 
840	124	171	1	X 
841	124	172	1	X 
842	124	173	1	X 
843	124	170	1	X 
844	124	5	1	X 
845	125	171	1	X 
846	125	172	1	X 
847	125	173	1	X 
848	125	168	1	X 
849	125	5	1	X 
850	126	143	1	X 
851	126	141	1	X 
852	126	142	1	X 
853	126	144	1	X 
854	126	140	1	X 
855	127	143	1	X 
856	127	142	1	X 
857	127	145	1	X 
858	127	146	1	X 
859	127	147	1	X 
860	128	143	1	X 
861	128	144	1	X 
862	128	140	1	X 
863	128	147	1	X 
864	128	183	1	X 
865	129	126	1	X 
866	129	127	1	X 
867	129	129	1	X 
868	129	128	1	X 
869	129	125	1	X 
870	130	126	1	X 
871	130	127	1	X 
872	130	123	1	X 
873	130	125	1	X 
874	130	124	1	X 
875	131	126	1	X 
876	131	127	1	X 
877	131	124	1	X 
878	131	131	1	X 
879	131	130	1	X 
880	132	148	1	X 
881	132	10	1	X 
882	132	11	1	X 
883	132	149	1	X 
884	132	151	1	X 
885	133	148	1	X 
886	133	10	1	X 
887	133	11	1	X 
888	133	149	1	X 
889	133	150	1	X 
890	134	148	1	X 
891	134	10	1	X 
892	134	151	1	X 
893	134	150	1	X 
894	134	152	1	X 
895	135	105	1	X 
896	135	104	1	X 
897	135	160	1	X 
898	135	162	1	X 
899	135	159	1	X 
900	136	105	1	X 
901	136	104	1	X 
902	136	160	1	X 
903	136	162	1	X 
904	136	161	1	X 
905	137	105	1	X 
906	137	104	1	X 
907	137	160	1	X 
908	137	159	1	X 
909	137	161	1	X 
910	138	106	1	X 
911	138	158	1	X 
912	138	157	1	X 
913	138	154	1	X 
914	138	155	1	X 
915	139	106	1	X 
916	139	158	1	X 
917	139	157	1	X 
918	139	156	1	X 
919	139	154	1	X 
920	140	106	1	X 
921	140	154	1	X 
922	140	153	1	X 
923	140	107	1	X 
924	140	155	1	X 
925	141	176	1	X 
926	141	179	1	X 
927	141	181	1	X 
928	141	178	1	X 
929	141	180	1	X 
930	142	179	1	X 
931	142	181	1	X 
932	142	174	1	X 
933	142	178	1	X 
934	142	177	1	X 
935	143	179	1	X 
936	143	181	1	X 
937	143	175	1	X 
938	143	180	1	X 
939	143	177	1	X 
940	144	120	1	X 
941	144	102	1	X 
942	144	121	1	X 
943	144	122	1	X 
944	144	100	1	X 
945	145	120	1	X 
946	145	102	1	X 
947	145	121	1	X 
948	148	68	1	X 
949	145	6	1	X 
950	146	120	1	X 
951	146	102	1	X 
952	146	121	1	X 
953	146	100	1	X 
954	146	6	1	X 
955	145	122	1	X 
956	147	45	1	X 
957	147	47	1	X 
958	147	48	1	X 
959	147	8	1	X 
960	147	49	1	X 
961	147	7	1	X 
962	147	46	1	X 
963	147	44	1	X 
964	147	9	1	X 
965	148	71	1	X 
966	148	73	1	X 
967	148	72	1	X 
968	148	69	1	X 
969	148	70	1	X 
970	148	66	1	X 
971	148	64	1	X 
972	148	75	1	X 
973	148	63	1	X 
974	148	65	1	X 
975	148	67	1	X 
976	148	74	1	X 
977	149	39	1	X 
978	149	4	1	X 
979	149	38	1	X 
980	149	41	1	X 
981	149	36	1	X 
982	15	117	1	X 
983	149	40	1	X 
984	149	37	1	X 
985	150	61	1	X 
986	150	62	1	X 
987	150	52	1	X 
988	15	114	1	X 
989	15	116	1	X 
990	15	118	1	X 
991	15	115	1	X 
992	149	43	1	X 
993	149	42	1	X 
994	150	60	1	X 
995	150	59	1	X 
996	150	58	1	X 
997	150	53	1	X 
999	150	57	1	X 
1000	150	56	1	X 
1001	150	55	1	X 
1002	150	54	1	X 
1003	151	29	1	X 
1004	151	30	1	X 
1005	151	78	1	X 
1006	151	77	1	X 
1007	151	76	1	X 
1010	170	62	1	X 
1013	168	121	1	X 
1018	151	222	1	X 
1019	195	160	1	X 
1022	171	122	1	X 
1026	207	231	1	X 
1028	216	231	1	X 
1032	218	231	1	X 
1035	219	231	1	X 
1036	193	231	1	X 
1052	207	123	1	X 
1057	219	106	0	X 
1058	219	106	1	X 
1080	453	166	0	X 
1081	453	105	1	X 
1082	454	61	0	X 
1083	454	62	0	X 
1084	454	52	0	X 
1085	454	60	0	X 
1086	454	59	0	X 
1087	454	58	0	X 
1088	454	53	0	X 
1089	454	57	0	X 
1090	454	56	0	X 
1091	454	55	0	X 
1092	454	54	0	X 
1093	454	61	1	X 
1094	454	62	1	X 
1095	454	52	1	X 
1096	454	60	1	X 
1097	454	59	1	X 
1098	454	58	1	X 
1099	454	53	1	X 
1100	454	57	1	X 
1101	454	56	1	X 
1102	454	55	1	X 
1103	454	54	1	X 
1120	224	120	0	X 
1125	460	177	0	X 
1129	458	106	0	X 
1130	458	128	1	X 
1131	225	120	0	X 
1132	225	120	1	X 
1133	224	120	1	X 
1137	460	177	1	X 
1140	216	5	0	X 
1142	185	156	0	X 
1147	34	100	0	X 
1150	183	167	0	X 
1152	204	116	0	X 
1153	207	177	0	X 
1154	459	121	0	X 
1155	459	11	1	X 
1160	463	148	0	X 
1162	463	148	1	X 
1163	216	115	1	X 
1166	153	161	1	X 
1168	186	107	0	X 
1170	183	157	1	X 
1171	179	126	1	X 
1172	179	122	0	X 
1173	180	103	0	X 
1175	211	163	1	X 
1177	462	137	0	X 
1178	462	137	1	X 
1179	184	154	0	X 
1180	180	11	1	X 
1183	193	100	0	X 
1184	193	100	1	X 
1185	159	157	0	X 
1186	455	172	0	X 
1187	455	172	1	X 
1190	182	105	0	X 
1191	182	160	1	X 
1192	205	11	0	X 
1193	205	11	1	X 
1198	453	62	0	X 
1199	453	62	1	X 
1200	179	55	0	X 
1202	183	55	1	X 
1204	182	60	1	X 
1205	153	159	0	X 
1206	180	53	0	X 
1207	180	53	1	X 
1208	153	60	0	X 
1210	34	59	0	X 
1246	208	56	0	X 
1247	208	56	1	X 
1248	204	58	0	X 
1249	204	58	1	X 
1252	177	124	0	X 
1253	177	124	1	X 
1256	212	104	0	X 
1257	212	104	1	X 
1258	218	148	0	X 
1259	218	148	1	X 
1260	217	108	0	X 
1261	217	108	1	X 
1262	171	61	0	X 
1263	171	61	1	X 
1264	153	54	1	X 
1265	182	54	0	X 
1266	157	52	0	X 
1267	157	52	1	X 
1268	159	166	1	X 
1273	202	167	0	X 
1274	202	167	1	X 
1275	186	125	1	X 
1276	184	102	1	X 
1277	34	108	1	X 
1278	176	140	0	X 
1279	176	140	1	X 
1280	157	102	1	X 
1281	155	6	1	X 
1282	192	160	0	X 
1283	192	160	1	X 
1284	192	57	1	X 
1289	189	201	0	X 
1290	189	201	1	X 
1291	209	114	0	X 
1292	209	114	1	X 
1293	190	171	0	X 
1294	190	171	1	X 
1295	170	160	0	X 
1296	170	160	1	X 
1297	178	130	0	X 
1298	178	130	1	X 
1301	465	248	0	X 
1302	465	248	1	X 
1326	466	47	1	X 
1337	466	47	0	X 
1338	465	256	0	X 
1339	465	256	1	X 
1340	467	145	1	X 
1341	467	145	0	X 
1346	474	244	0	X 
1347	474	244	1	X 
1348	473	263	0	X 
1349	473	263	1	X 
1350	472	264	0	X 
1351	472	264	1	X 
1352	471	261	0	X 
1353	471	261	1	X 
1354	470	262	0	X 
1355	470	262	1	X 
1356	469	260	0	X 
1370	468	303	0	X 
1371	468	303	1	X 
1372	482	260	0	X 
1374	483	260	0	X 
1376	484	260	0	X 
1378	485	262	0	X 
1379	485	262	1	X 
1380	486	262	0	X 
1381	486	262	1	X 
1382	487	262	0	X 
1383	487	262	1	X 
1384	488	264	0	X 
1385	488	264	1	X 
1386	489	264	0	X 
1387	489	264	1	X 
1388	490	264	0	X 
1389	490	264	1	X 
1390	491	263	0	X 
1391	491	263	1	X 
1392	492	263	0	X 
1393	492	263	1	X 
1394	493	263	0	X 
1395	493	263	1	X 
1396	494	261	0	X 
1397	494	261	1	X 
1398	495	261	0	X 
1399	495	261	1	X 
1400	496	261	0	X 
1401	496	261	1	X 
1466	500	264	0	X 
1467	500	264	1	X 
1470	501	264	0	X 
1471	501	264	1	X 
1474	502	264	0	X 
1475	502	264	1	X 
1478	503	264	0	X 
1479	503	264	1	X 
1482	504	264	0	X 
1483	504	264	1	X 
1486	505	264	0	X 
1487	505	264	1	X 
1490	506	263	0	X 
1491	506	263	1	X 
1494	507	263	0	X 
1495	507	263	1	X 
1498	508	263	0	X 
1499	508	263	1	X 
1502	509	263	0	X 
1503	509	263	1	X 
1506	510	263	0	X 
1507	510	263	1	X 
1510	511	263	0	X 
1511	511	263	1	X 
1514	512	262	0	X 
1515	512	262	1	X 
1518	513	262	0	X 
1519	513	262	1	X 
1522	514	262	0	X 
1523	514	262	1	X 
1526	515	262	0	X 
1527	515	262	1	X 
1530	516	262	0	X 
1531	516	262	1	X 
1534	517	262	0	X 
1535	517	262	1	X 
1538	518	261	0	X 
1539	518	261	1	X 
1542	519	261	0	X 
1543	519	261	1	X 
1546	520	261	0	X 
1547	520	261	1	X 
1550	521	261	0	X 
1551	521	261	1	X 
1554	522	261	0	X 
1555	522	261	1	X 
1558	523	261	0	X 
1559	523	261	1	X 
1562	524	260	0	X 
1566	525	260	0	X 
1570	526	260	0	X 
1574	527	260	0	X 
1578	528	260	0	X 
1582	529	260	0	X 
1586	530	264	0	X 
1587	530	264	1	X 
1588	531	264	0	X 
1589	531	264	1	X 
1590	532	264	0	X 
1591	532	264	1	X 
1592	533	264	0	X 
1593	533	264	1	X 
1594	534	264	0	X 
1595	534	264	1	X 
1596	535	264	0	X 
1597	535	264	1	X 
1598	536	264	0	X 
1599	536	264	1	X 
1600	537	264	0	X 
1601	537	264	1	X 
1602	538	264	0	X 
1603	538	264	1	X 
1604	539	264	0	X 
1605	539	264	1	X 
1606	540	262	0	X 
1607	540	262	1	X 
1608	541	262	0	X 
1609	541	262	1	X 
1610	542	262	0	X 
1611	542	262	1	X 
1612	543	262	0	X 
1613	543	262	1	X 
1614	544	262	0	X 
1615	544	262	1	X 
1616	545	262	0	X 
1617	545	262	1	X 
1618	546	262	0	X 
1619	546	262	1	X 
1620	547	262	0	X 
1621	547	262	1	X 
1622	548	262	0	X 
1623	548	262	1	X 
1624	549	262	0	X 
1625	549	262	1	X 
1626	550	261	0	X 
1627	550	261	1	X 
1628	551	261	0	X 
1629	551	261	1	X 
1630	552	261	0	X 
1631	552	261	1	X 
1632	553	261	0	X 
1633	553	261	1	X 
1634	554	261	0	X 
1635	554	261	1	X 
1636	555	261	0	X 
1637	555	261	1	X 
1638	556	261	0	X 
1639	556	261	1	X 
1640	557	261	0	X 
1641	557	261	1	X 
1642	558	261	0	X 
1643	558	261	1	X 
1644	559	261	0	X 
1645	559	261	1	X 
1646	560	263	0	X 
1647	560	263	1	X 
1648	561	263	0	X 
1649	561	263	1	X 
1650	562	263	0	X 
1651	562	263	1	X 
1652	563	263	0	X 
1653	563	263	1	X 
1654	564	263	0	X 
1655	564	263	1	X 
1656	565	263	0	X 
1657	565	263	1	X 
1658	566	263	0	X 
1659	566	263	1	X 
1660	567	263	0	X 
1661	567	263	1	X 
1662	568	263	0	X 
1663	568	263	1	X 
1664	569	263	0	X 
1665	569	263	1	X 
1666	570	260	0	X 
1668	571	260	0	X 
1670	572	260	0	X 
1672	573	260	0	X 
1674	574	260	0	X 
1676	575	260	0	X 
1678	576	260	0	X 
1680	577	260	0	X 
1682	578	260	0	X 
1684	579	260	0	X 
1686	559	315	0	X 
1687	559	315	1	X 
1688	569	315	0	X 
1689	569	315	1	X 
1690	469	323	1	X 
1691	482	323	1	X 
1692	483	323	1	X 
1693	484	323	1	X 
1694	524	323	1	X 
1695	525	323	1	X 
1696	526	323	1	X 
1697	527	323	1	X 
1698	528	323	1	X 
1699	529	323	1	X 
1700	570	323	1	X 
1701	571	323	1	X 
1702	572	323	1	X 
1703	573	323	1	X 
1704	574	323	1	X 
1705	575	323	1	X 
1706	576	323	1	X 
1707	577	323	1	X 
1708	578	323	1	X 
1709	579	323	1	X 
1710	580	324	0	X 
1711	580	324	1	X 
1714	582	326	0	X 
1715	582	326	1	X 
1716	581	314	0	X 
1717	581	314	1	X 
1718	583	263	0	X 
1719	583	263	1	X 
1720	583	327	0	X 
1721	583	327	1	X 
1722	491	272	0	X 
1723	491	272	1	X 
1848	608	331	0	X 
1849	608	331	1	X 
1852	611	333	0	X 
1853	611	333	1	X 
1856	613	331	0	X 
1857	613	331	1	X 
1860	615	331	0	X 
1861	615	331	1	X 
1864	596	335	0	X 
1865	596	335	1	X 
1866	588	336	0	X 
1867	588	336	1	X 
1868	602	334	0	X 
1869	602	334	1	X 
1870	603	334	0	X 
1871	603	334	1	X 
1872	605	335	0	X 
1873	605	335	1	X 
1876	606	336	0	X 
1877	606	336	1	X 
1878	607	335	0	X 
1879	607	335	1	X 
1880	587	344	0	X 
1881	587	344	1	X 
1882	585	344	0	X 
1883	585	344	1	X 
1884	621	338	0	X 
1885	621	338	1	X 
1890	619	339	0	X 
1891	619	339	1	X 
1892	620	337	0	X 
1893	620	337	1	X 
1894	617	339	0	X 
1895	617	339	1	X 
1896	589	339	0	X 
1897	589	339	1	X 
1898	616	338	0	X 
1899	616	338	1	X 
1900	592	350	0	X 
1901	592	350	1	X 
1906	480	342	0	X 
1907	480	342	1	X 
1908	478	341	0	X 
1909	478	341	1	X 
2084	604	334	0	X 
2085	604	334	1	X 
2091	596	417	0	X 
2092	596	417	1	X 
2095	588	412	0	X 
2096	588	412	1	X 
2097	588	394	0	X 
2098	588	394	1	X 
2099	602	416	0	X 
2100	602	416	1	X 
2101	602	418	0	X 
2102	602	418	1	X 
2103	603	417	0	X 
2104	603	417	1	X 
2105	603	419	0	X 
2106	603	419	1	X 
2107	605	412	0	X 
2108	605	412	1	X 
2109	605	420	0	X 
2110	605	420	1	X 
2111	604	412	0	X 
2112	604	408	0	X 
2113	604	412	1	X 
2114	604	408	1	X 
2115	606	417	0	X 
2116	606	423	0	X 
2117	606	417	1	X 
2118	606	423	1	X 
2119	607	416	0	X 
2120	607	422	0	X 
2121	607	416	1	X 
2122	607	422	1	X 
2123	475	410	0	X 
2124	475	410	1	X 
2193	701	335	0	X 
2194	701	335	1	X 
2195	702	336	0	X 
2196	702	336	1	X 
2197	703	334	0	X 
2198	703	334	1	X 
2199	703	749	0	X 
2200	703	749	1	X 
2201	702	749	0	X 
2202	702	749	1	X 
2203	701	749	0	X 
2204	701	749	1	X 
2231	639	355	0	X 
2232	639	355	1	X 
2233	640	356	0	X 
2234	640	356	1	X 
2235	641	356	0	X 
2236	641	356	1	X 
2237	642	357	0	X 
2238	642	357	1	X 
2239	644	355	0	X 
2240	644	355	1	X 
2241	645	357	0	X 
2242	645	357	1	X 
2243	643	356	0	X 
2244	643	356	1	X 
2245	646	355	0	X 
2246	646	355	1	X 
2247	608	443	0	X 
2248	608	443	1	X 
2251	611	442	0	X 
2252	611	442	1	X 
2259	615	441	0	X 
2260	615	441	1	X 
2271	499	358	0	X 
2272	499	358	1	X 
2273	721	358	0	X 
2274	721	358	1	X 
2277	595	358	0	X 
2278	595	358	1	X 
2279	498	358	0	X 
2280	498	358	1	X 
2281	639	469	0	X 
2282	639	469	1	X 
2283	640	468	0	X 
2284	640	468	1	X 
2285	641	470	0	X 
2286	641	470	1	X 
2287	642	468	0	X 
2288	642	468	1	X 
2289	644	470	0	X 
2290	644	470	1	X 
2291	645	469	0	X 
2292	645	469	1	X 
2293	643	469	0	X 
2294	643	469	1	X 
2295	646	468	0	X 
2296	646	468	1	X 
2309	616	440	0	X 
2310	616	440	1	X 
2311	589	438	0	X 
2312	589	438	1	X 
2313	617	439	0	X 
2314	617	439	1	X 
2315	620	438	0	X 
2316	620	438	1	X 
2317	619	440	0	X 
2318	619	440	1	X 
2327	649	486	0	X 
2328	649	486	1	X 
2329	648	487	0	X 
2330	648	487	1	X 
2331	727	486	0	X 
2332	727	486	1	X 
2333	728	486	0	X 
2334	728	486	1	X 
2335	729	487	0	X 
2336	729	487	1	X 
2343	589	488	0	X 
2344	589	488	1	X 
2347	617	490	0	X 
2348	617	490	1	X 
2349	620	491	0	X 
2350	620	491	1	X 
2351	619	492	0	X 
2352	619	492	1	X 
2377	734	486	0	X 
2378	734	486	1	X 
2387	735	486	0	X 
2388	735	486	1	X 
2389	735	497	0	X 
2390	735	497	1	X 
2391	736	486	0	X 
2392	736	486	1	X 
2393	736	497	0	X 
2394	736	497	1	X 
2395	737	486	0	X 
2396	737	486	1	X 
2397	737	497	0	X 
2398	737	497	1	X 
2399	738	486	0	X 
2400	738	486	1	X 
2401	738	497	0	X 
2402	738	497	1	X 
2407	740	487	0	X 
2408	740	487	1	X 
2409	741	487	0	X 
2410	741	487	1	X 
2411	594	359	0	X 
2412	594	359	1	X 
2414	618	337	0	X 
2415	618	337	1	X 
2416	590	338	0	X 
2417	590	338	1	X 
2418	618	439	0	X 
2419	618	489	0	X 
2420	618	439	1	X 
2421	618	489	1	X 
2422	709	345	0	X 
2423	709	345	1	X 
2424	708	344	0	X 
2425	708	344	1	X 
2426	711	343	0	X 
2427	711	343	1	X 
2428	710	345	0	X 
2429	710	345	1	X 
2430	714	343	0	X 
2431	714	343	1	X 
2432	712	344	0	X 
2433	712	344	1	X 
2434	713	344	0	X 
2435	713	344	1	X 
2436	715	343	0	X 
2437	715	343	1	X 
2438	709	452	0	X 
2439	709	452	1	X 
2442	708	450	0	X 
2443	708	450	1	X 
2444	711	451	0	X 
2445	711	451	1	X 
2446	710	450	0	X 
2447	710	450	1	X 
2448	714	452	0	X 
2449	714	452	1	X 
2450	712	452	0	X 
2451	712	452	1	X 
2452	713	451	0	X 
2453	713	451	1	X 
2454	715	450	0	X 
2455	715	450	1	X 
2456	713	502	0	X 
2457	713	502	1	X 
2458	708	503	0	X 
2459	708	503	1	X 
2460	712	504	0	X 
2461	712	504	1	X 
2462	710	505	0	X 
2463	710	505	1	X 
2464	714	506	0	X 
2465	714	506	1	X 
2466	711	507	0	X 
2467	711	507	1	X 
2468	715	508	0	X 
2469	715	508	1	X 
2476	611	512	0	X 
2477	611	512	1	X 
2482	615	514	0	X 
2483	615	514	1	X 
2530	593	364	0	X 
2531	593	364	1	X 
2532	742	365	0	X 
2533	742	365	1	X 
2534	744	364	0	X 
2535	744	364	1	X 
2536	743	366	0	X 
2537	743	366	1	X 
2538	746	366	0	X 
2539	746	366	1	X 
2540	748	365	0	X 
2541	748	365	1	X 
2542	745	365	0	X 
2543	745	365	1	X 
2548	742	449	0	X 
2549	742	449	1	X 
2550	593	447	0	X 
2551	593	447	1	X 
2554	743	448	0	X 
2555	743	448	1	X 
2568	742	516	0	X 
2569	742	516	1	X 
2570	671	517	0	X 
2571	671	517	1	X 
2574	672	519	0	X 
2575	672	519	1	X 
2578	683	521	0	X 
2579	683	521	1	X 
2582	750	522	0	X 
2583	750	522	1	X 
2592	743	525	0	X 
2593	743	525	1	X 
2616	685	535	0	X 
2617	685	535	1	X 
2622	612	332	0	X 
2623	612	332	1	X 
2630	609	333	0	X 
2631	609	333	1	X 
2632	610	332	0	X 
2633	610	332	1	X 
2634	614	332	0	X 
2635	614	332	1	X 
2636	614	442	0	X 
2637	614	442	1	X 
2638	614	509	0	X 
2639	614	509	1	X 
2640	610	443	0	X 
2641	610	443	1	X 
2644	609	441	0	X 
2645	609	441	1	X 
2646	609	510	0	X 
2647	609	510	1	X 
2648	612	441	0	X 
2649	612	441	1	X 
2650	612	513	0	X 
2651	612	513	1	X 
2653	613	442	1	X 
2654	613	442	0	X 
2655	613	515	0	X 
2656	613	515	1	X 
2657	755	340	0	X 
2658	755	340	1	X 
2661	757	340	0	X 
2662	757	340	1	X 
2663	758	341	0	X 
2664	758	341	1	X 
2667	590	439	0	X 
2668	590	439	1	X 
2669	590	494	0	X 
2670	590	494	1	X 
2671	621	438	0	X 
2672	621	438	1	X 
2673	621	493	0	X 
2674	621	493	1	X 
2681	744	448	0	X 
2682	744	448	1	X 
2683	744	524	0	X 
2684	744	524	1	X 
2685	746	449	0	X 
2686	746	449	1	X 
2687	746	530	0	X 
2688	746	530	1	X 
2689	748	447	0	X 
2690	748	447	1	X 
2691	748	528	0	X 
2692	748	528	1	X 
2693	745	448	0	X 
2694	745	448	1	X 
2695	745	529	0	X 
2696	745	529	1	X 
2697	747	364	0	X 
2698	747	364	1	X 
2703	747	449	0	X 
2704	747	526	0	X 
2705	747	449	1	X 
2706	747	526	1	X 
2707	640	537	0	X 
2708	640	537	1	X 
2709	733	798	0	X 
2710	733	798	1	X 
2711	733	799	0	X 
2712	733	799	1	X 
2713	733	800	0	X 
2714	733	800	1	X 
2715	641	539	0	X 
2716	641	539	1	X 
2717	642	540	0	X 
2718	642	540	1	X 
2719	644	541	0	X 
2720	644	541	1	X 
2721	643	542	0	X 
2722	643	542	1	X 
2723	646	543	0	X 
2724	646	543	1	X 
2727	764	487	0	X 
2728	764	487	1	X 
2729	765	487	0	X 
2730	765	487	1	X 
2731	766	487	0	X 
2732	766	487	1	X 
2733	767	487	0	X 
2734	767	487	1	X 
2735	767	485	0	X 
2736	767	485	1	X 
2737	766	485	0	X 
2738	766	485	1	X 
2739	765	485	0	X 
2740	765	485	1	X 
2741	764	485	0	X 
2742	764	485	1	X 
2743	717	348	0	X 
2744	717	348	1	X 
2745	717	465	0	X 
2746	717	465	1	X 
2749	726	347	0	X 
2750	726	347	1	X 
2751	726	466	0	X 
2752	726	466	1	X 
2753	726	544	0	X 
2754	726	544	1	X 
2755	716	346	0	X 
2756	716	346	1	X 
2757	716	466	0	X 
2758	716	466	1	X 
2761	723	347	0	X 
2762	723	347	1	X 
2763	723	467	0	X 
2764	723	467	1	X 
2765	723	546	0	X 
2766	723	546	1	X 
2767	724	346	0	X 
2768	724	346	1	X 
2769	724	465	0	X 
2770	724	465	1	X 
2771	724	547	0	X 
2772	724	547	1	X 
2773	725	347	0	X 
2774	725	347	1	X 
2775	725	465	0	X 
2776	725	465	1	X 
2777	725	548	0	X 
2778	725	548	1	X 
2779	762	346	0	X 
2780	762	346	1	X 
2781	762	467	0	X 
2782	762	467	1	X 
2783	762	549	0	X 
2784	762	549	1	X 
2785	761	348	0	X 
2786	761	348	1	X 
2787	761	467	0	X 
2788	761	467	1	X 
2789	761	550	0	X 
2790	761	550	1	X 
2791	659	551	0	X 
2792	659	551	1	X 
2793	768	551	0	X 
2794	768	551	1	X 
2795	768	552	0	X 
2796	768	552	1	X 
2797	660	553	0	X 
2798	660	553	1	X 
2801	769	554	0	X 
2802	769	554	1	X 
2803	763	555	0	X 
2804	763	555	1	X 
2807	668	556	0	X 
2808	668	556	1	X 
2809	669	557	0	X 
2810	669	557	1	X 
2811	670	557	0	X 
2812	670	557	1	X 
2813	670	558	0	X 
2814	670	558	1	X 
2815	674	559	0	X 
2816	674	559	1	X 
2819	770	560	0	X 
2820	770	560	1	X 
2821	675	561	0	X 
2822	675	561	1	X 
2823	771	561	0	X 
2824	771	561	1	X 
2825	771	562	0	X 
2826	771	562	1	X 
2827	480	455	0	X 
2828	480	455	1	X 
2831	478	454	0	X 
2832	478	454	1	X 
2835	755	454	0	X 
2836	755	454	1	X 
2843	757	455	0	X 
2844	757	455	1	X 
2845	757	566	0	X 
2846	757	566	1	X 
2855	758	453	0	X 
2856	758	453	1	X 
2857	758	569	0	X 
2858	758	569	1	X 
2859	759	342	0	X 
2860	759	342	1	X 
2861	759	454	0	X 
2862	759	454	1	X 
2863	759	565	0	X 
2864	759	565	1	X 
2867	479	342	0	X 
2868	479	342	1	X 
2873	478	567	0	X 
2874	478	567	1	X 
2875	755	563	0	X 
2876	755	563	1	X 
2879	479	453	0	X 
2880	479	453	1	X 
2881	479	568	0	X 
2882	479	568	1	X 
2883	756	340	0	X 
2884	756	340	1	X 
2885	756	453	1	X 
2886	756	453	0	X 
2899	622	572	0	X 
2900	622	572	1	X 
2901	626	572	0	X 
2902	626	572	1	X 
2903	625	572	0	X 
2904	625	572	1	X 
2905	773	572	0	X 
2906	773	572	1	X 
2907	627	750	0	X 
2908	627	750	1	X 
2909	689	750	0	X 
2910	689	750	1	X 
2911	690	750	0	X 
2912	690	750	1	X 
2913	772	750	0	X 
2914	772	750	1	X 
2947	629	575	0	X 
2948	629	575	1	X 
2949	655	575	0	X 
2950	655	575	1	X 
2951	656	575	0	X 
2952	656	575	1	X 
2953	775	575	0	X 
2954	775	575	1	X 
2955	630	575	0	X 
2956	630	575	1	X 
2957	691	575	0	X 
2958	691	575	1	X 
2959	692	575	0	X 
2960	692	575	1	X 
2961	776	575	0	X 
2962	776	575	1	X 
2971	630	576	0	X 
2972	630	576	1	X 
2973	691	576	0	X 
2974	691	576	1	X 
2975	692	576	0	X 
2976	692	576	1	X 
2977	776	576	0	X 
2978	776	576	1	X 
3002	781	531	0	X 
3003	781	531	1	X 
3010	684	531	0	X 
3011	684	531	1	X 
3012	684	532	0	X 
3013	684	532	1	X 
3014	753	531	1	X 
3015	753	533	1	X 
3017	753	531	0	X 
3018	753	533	0	X 
3019	752	531	0	X 
3020	752	531	1	X 
3021	752	534	0	X 
3022	752	534	1	X 
3023	782	535	0	X 
3024	782	535	1	X 
3029	784	521	0	X 
3030	784	521	1	X 
3031	785	521	0	X 
3032	785	521	1	X 
3033	786	521	0	X 
3034	786	521	1	X 
3035	787	521	0	X 
3036	787	521	1	X 
3037	788	521	0	X 
3038	788	521	1	X 
3041	789	522	0	X 
3042	789	522	1	X 
3045	790	522	0	X 
3046	790	522	1	X 
3049	791	522	0	X 
3050	791	522	1	X 
3053	792	522	0	X 
3054	792	522	1	X 
3057	793	522	0	X 
3058	793	522	1	X 
3059	631	581	0	X 
3060	631	576	0	X 
3061	631	581	1	X 
3062	631	576	1	X 
3063	693	581	0	X 
3064	693	576	0	X 
3065	693	581	1	X 
3066	693	576	1	X 
3067	694	581	0	X 
3068	694	576	0	X 
3069	694	581	1	X 
3070	694	576	1	X 
3071	777	581	0	X 
3072	777	576	0	X 
3073	777	581	1	X 
3074	777	576	1	X 
3075	628	582	0	X 
3076	628	573	0	X 
3077	628	582	1	X 
3078	628	573	1	X 
3079	695	582	0	X 
3080	695	573	0	X 
3081	695	582	1	X 
3082	695	573	1	X 
3083	696	582	0	X 
3084	696	573	0	X 
3085	696	582	1	X 
3086	696	573	1	X 
3087	774	582	0	X 
3088	774	573	0	X 
3089	774	582	1	X 
3090	774	573	1	X 
3091	754	535	0	X 
3092	754	583	0	X 
3093	754	535	1	X 
3094	754	583	1	X 
3095	794	535	0	X 
3096	794	583	0	X 
3097	794	535	1	X 
3098	794	583	1	X 
3099	795	535	0	X 
3100	795	583	0	X 
3101	795	535	1	X 
3102	795	583	1	X 
3103	796	535	0	X 
3104	796	583	0	X 
3105	796	535	1	X 
3106	796	583	1	X 
3107	797	535	0	X 
3108	797	535	1	X 
3109	798	535	0	X 
3110	798	535	1	X 
3113	799	518	0	X 
3114	799	518	1	X 
3115	800	519	0	X 
3116	800	519	1	X 
3117	800	520	0	X 
3118	800	520	1	X 
3119	801	517	0	X 
3120	801	517	1	X 
3121	802	517	0	X 
3122	802	517	1	X 
3123	803	517	0	X 
3124	803	517	1	X 
3127	804	518	0	X 
3128	804	518	1	X 
3131	805	518	0	X 
3132	805	518	1	X 
3135	806	518	0	X 
3136	806	518	1	X 
3137	807	359	0	X 
3138	807	359	1	X 
3139	808	519	0	X 
3140	808	519	1	X 
3141	809	519	0	X 
3142	809	519	1	X 
3143	810	519	0	X 
3144	810	519	1	X 
3145	811	519	0	X 
3146	811	519	1	X 
3147	811	520	0	X 
3148	811	520	1	X 
3149	812	519	0	X 
3150	812	519	1	X 
3151	812	520	0	X 
3152	812	520	1	X 
3153	813	519	0	X 
3154	813	519	1	X 
3155	813	520	0	X 
3156	813	520	1	X 
3157	756	586	0	X 
3158	756	586	1	X 
3159	814	553	0	X 
3160	814	553	1	X 
3161	815	553	0	X 
3162	815	553	1	X 
3163	816	553	0	X 
3164	816	553	1	X 
3167	817	554	0	X 
3168	817	554	1	X 
3171	818	554	0	X 
3172	818	554	1	X 
3175	819	554	0	X 
3176	819	554	1	X 
3177	820	551	0	X 
3178	820	551	1	X 
3179	821	551	0	X 
3180	821	551	1	X 
3181	822	551	0	X 
3182	822	551	1	X 
3183	823	551	0	X 
3184	823	551	1	X 
3185	823	552	0	X 
3186	823	552	1	X 
3187	824	551	0	X 
3188	824	551	1	X 
3189	824	552	0	X 
3190	824	552	1	X 
3191	825	551	0	X 
3192	825	551	1	X 
3193	825	552	0	X 
3194	825	552	1	X 
3195	826	555	0	X 
3196	826	555	1	X 
3197	827	555	0	X 
3198	827	555	1	X 
3199	828	555	0	X 
3200	828	555	1	X 
3203	829	556	0	X 
3204	829	556	1	X 
3207	830	556	0	X 
3208	830	556	1	X 
3211	831	556	0	X 
3212	831	556	1	X 
3213	832	557	0	X 
3214	832	557	1	X 
3215	833	557	0	X 
3216	833	557	1	X 
3217	834	557	0	X 
3218	834	557	1	X 
3219	835	557	0	X 
3220	835	557	1	X 
3221	835	558	0	X 
3222	835	558	1	X 
3223	836	557	0	X 
3224	836	557	1	X 
3225	836	558	0	X 
3226	836	558	1	X 
3227	837	557	0	X 
3228	837	557	1	X 
3229	837	558	0	X 
3230	837	558	1	X 
3231	840	559	0	X 
3232	840	559	1	X 
3233	841	559	0	X 
3234	841	559	1	X 
3235	842	559	0	X 
3236	842	559	1	X 
3239	843	560	0	X 
3240	843	560	1	X 
3243	844	560	0	X 
3244	844	560	1	X 
3247	845	560	0	X 
3248	845	560	1	X 
3249	846	561	0	X 
3250	846	561	1	X 
3251	847	561	0	X 
3252	847	561	1	X 
3253	848	561	0	X 
3254	848	561	1	X 
3255	849	561	0	X 
3256	849	561	1	X 
3257	849	562	0	X 
3258	849	562	1	X 
3259	850	561	0	X 
3260	850	561	1	X 
3261	850	562	0	X 
3262	850	562	1	X 
3263	851	561	0	X 
3264	851	561	1	X 
3265	851	562	0	X 
3266	851	562	1	X 
3267	686	599	0	X 
3268	686	599	1	X 
3269	687	600	0	X 
3270	687	600	1	X 
3273	852	600	0	X 
3274	852	600	1	X 
3275	852	601	0	X 
3276	852	601	1	X 
3277	688	602	0	X 
3278	688	602	1	X 
3279	858	599	0	X 
3280	858	599	1	X 
3281	859	599	0	X 
3282	859	599	1	X 
3283	860	599	0	X 
3284	860	599	1	X 
3287	861	602	0	X 
3288	861	602	1	X 
3291	862	602	0	X 
3292	862	602	1	X 
3295	863	602	0	X 
3296	863	602	1	X 
3297	864	600	0	X 
3298	864	600	1	X 
3299	865	600	0	X 
3300	865	600	1	X 
3301	866	600	0	X 
3302	866	600	1	X 
3303	867	600	0	X 
3304	867	600	1	X 
3305	867	601	0	X 
3306	867	601	1	X 
3307	868	600	0	X 
3308	868	600	1	X 
3309	868	601	0	X 
3310	868	601	1	X 
3311	869	600	0	X 
3312	869	600	1	X 
3313	869	601	0	X 
3314	869	601	1	X 
3315	722	359	0	X 
3316	722	359	1	X 
3317	720	360	0	X 
3318	720	360	1	X 
3319	718	360	0	X 
3320	718	360	1	X 
3321	719	360	0	X 
3322	719	360	1	X 
3323	595	462	0	X 
3324	595	767	0	X 
3325	595	462	1	X 
3326	595	767	1	X 
3327	498	462	0	X 
3328	498	767	0	X 
3329	498	462	1	X 
3330	498	767	1	X 
3331	722	463	0	X 
3332	722	607	0	X 
3333	722	463	1	X 
3334	722	607	1	X 
3335	718	464	0	X 
3336	718	608	0	X 
3337	718	464	1	X 
3338	718	608	1	X 
3339	719	464	0	X 
3340	719	608	0	X 
3341	719	464	1	X 
3342	719	608	1	X 
3343	721	463	0	X 
3344	721	609	0	X 
3345	721	463	1	X 
3346	721	609	1	X 
3347	594	464	0	X 
3348	594	610	0	X 
3349	594	464	1	X 
3350	594	610	1	X 
3351	720	668	0	X 
3352	720	611	0	X 
3353	720	668	1	X 
3354	720	611	1	X 
3355	499	464	0	X 
3356	499	612	0	X 
3357	499	464	1	X 
3358	499	612	1	X 
3359	807	462	0	X 
3360	807	613	0	X 
3361	807	462	1	X 
3362	807	613	1	X 
3363	665	603	1	X 
3364	665	603	0	X 
3365	666	604	0	X 
3366	666	604	1	X 
3367	877	604	0	X 
3368	877	606	0	X 
3369	877	604	1	X 
3370	877	606	1	X 
3371	876	605	0	X 
3372	876	605	1	X 
3373	878	603	1	X 
3374	878	603	0	X 
3375	879	603	1	X 
3376	879	603	0	X 
3377	880	603	1	X 
3378	880	603	0	X 
3379	881	605	0	X 
3380	881	605	1	X 
3381	882	605	0	X 
3382	882	605	1	X 
3383	883	605	0	X 
3384	883	605	1	X 
3385	884	604	0	X 
3386	884	604	1	X 
3387	885	604	0	X 
3388	885	604	1	X 
3389	886	604	0	X 
3390	886	604	1	X 
3391	887	604	0	X 
3392	887	606	0	X 
3393	887	604	1	X 
3394	887	606	1	X 
3395	888	604	0	X 
3396	888	606	0	X 
3397	888	604	1	X 
3398	888	606	1	X 
3399	889	604	0	X 
3400	889	606	0	X 
3401	889	604	1	X 
3402	889	606	1	X 
3403	584	361	0	X 
3404	584	361	1	X 
3405	586	363	0	X 
3406	586	363	1	X 
3408	599	362	0	X 
3409	599	362	1	X 
3410	838	361	0	X 
3411	838	361	1	X 
3412	839	363	0	X 
3413	839	363	1	X 
3414	853	362	0	X 
3415	853	362	1	X 
3416	854	361	0	X 
3417	854	361	1	X 
3418	855	363	0	X 
3419	855	363	1	X 
3420	662	617	0	X 
3421	662	617	1	X 
3422	664	618	0	X 
3423	664	618	1	X 
3424	663	619	0	X 
3425	663	619	1	X 
3426	894	619	0	X 
3427	894	619	1	X 
3431	584	444	0	X 
3433	584	444	1	X 
3434	586	446	0	X 
3435	586	621	0	X 
3436	586	446	1	X 
3437	586	621	1	X 
3438	599	445	0	X 
3439	599	445	1	X 
3440	599	628	0	X 
3441	599	628	1	X 
3442	838	445	0	X 
3443	838	622	0	X 
3444	838	445	1	X 
3445	838	622	1	X 
3446	839	623	0	X 
3447	839	624	0	X 
3448	839	623	1	X 
3449	839	624	1	X 
3450	853	444	0	X 
3451	853	625	0	X 
3452	853	444	1	X 
3453	853	625	1	X 
3454	854	446	0	X 
3455	854	626	0	X 
3456	854	446	1	X 
3457	854	626	1	X 
3458	855	444	0	X 
3459	855	627	0	X 
3460	855	444	1	X 
3461	855	627	1	X 
3462	895	617	0	X 
3463	895	617	1	X 
3464	896	617	0	X 
3465	896	617	1	X 
3466	897	617	0	X 
3467	897	617	1	X 
3468	898	618	0	X 
3469	898	618	1	X 
3470	899	618	0	X 
3471	899	618	1	X 
3472	900	618	0	X 
3473	900	618	1	X 
3474	901	619	0	X 
3475	901	619	1	X 
3476	902	619	0	X 
3477	902	619	1	X 
3478	903	619	0	X 
3479	903	619	1	X 
3480	904	619	0	X 
3481	904	619	1	X 
3484	905	619	0	X 
3485	905	619	1	X 
3488	906	619	0	X 
3489	906	619	1	X 
3492	591	349	0	X 
3493	591	349	1	X 
3494	778	351	0	X 
3495	778	351	1	X 
3496	779	350	0	X 
3497	779	350	1	X 
3498	780	349	0	X 
3499	780	349	1	X 
3500	890	349	0	X 
3501	890	349	1	X 
3502	891	351	0	X 
3503	891	351	1	X 
3504	892	350	0	X 
3505	892	350	1	X 
3506	893	351	0	X 
3507	893	351	1	X 
3508	680	632	0	X 
3509	680	632	1	X 
3511	681	634	0	X 
3513	681	634	1	X 
3514	682	633	0	X 
3515	682	633	1	X 
3516	907	633	0	X 
3518	907	633	1	X 
3520	591	459	0	X 
3522	591	459	1	X 
3524	778	461	0	X 
3525	778	461	1	X 
3526	778	637	0	X 
3527	778	637	1	X 
3528	779	460	0	X 
3529	779	460	1	X 
3530	779	636	0	X 
3531	779	636	1	X 
3532	780	461	0	X 
3533	780	461	1	X 
3534	780	638	0	X 
3535	780	638	1	X 
3536	890	460	0	X 
3537	890	460	1	X 
3538	890	639	0	X 
3539	890	639	1	X 
3540	891	459	0	X 
3541	891	459	1	X 
3542	891	640	0	X 
3543	891	640	1	X 
3544	892	461	0	X 
3545	892	461	1	X 
3546	892	641	0	X 
3547	892	641	1	X 
3548	893	460	0	X 
3549	893	460	1	X 
3550	893	642	0	X 
3551	893	642	1	X 
3552	908	632	0	X 
3553	908	632	1	X 
3554	909	632	0	X 
3555	909	632	1	X 
3556	910	632	0	X 
3557	910	632	1	X 
3559	911	634	0	X 
3561	911	634	1	X 
3563	912	634	0	X 
3565	912	634	1	X 
3567	913	634	0	X 
3569	913	634	1	X 
3570	914	633	0	X 
3571	914	633	1	X 
3572	915	633	0	X 
3573	915	633	1	X 
3574	916	633	0	X 
3575	916	633	1	X 
3576	917	633	0	X 
3578	917	633	1	X 
3580	918	633	0	X 
3582	918	633	1	X 
3584	919	633	0	X 
3586	919	633	1	X 
3588	856	354	0	X 
3589	856	354	1	X 
3590	857	352	0	X 
3591	857	352	1	X 
3592	870	353	0	X 
3593	870	353	1	X 
3594	871	352	0	X 
3595	871	352	1	X 
3596	872	352	0	X 
3597	872	352	1	X 
3598	873	354	0	X 
3599	873	354	1	X 
3600	874	353	0	X 
3601	874	353	1	X 
3602	856	457	0	X 
3604	856	457	1	X 
3606	857	458	0	X 
3607	857	458	1	X 
3608	870	456	0	X 
3609	870	456	1	X 
3610	871	456	0	X 
3611	871	456	1	X 
3612	872	457	0	X 
3613	872	457	1	X 
3614	873	456	0	X 
3615	873	456	1	X 
3616	874	458	0	X 
3617	874	458	1	X 
3618	875	354	0	X 
3619	875	458	0	X 
3620	875	354	1	X 
3621	875	458	1	X 
3622	677	647	0	X 
3623	677	647	1	X 
3626	678	648	0	X 
3627	678	648	1	X 
3628	679	649	0	X 
3629	679	649	1	X 
3630	920	649	0	X 
3631	920	649	1	X 
3632	920	650	0	X 
3633	920	650	1	X 
3634	857	651	0	X 
3635	857	651	1	X 
3636	870	652	0	X 
3637	870	652	1	X 
3638	871	653	0	X 
3639	871	653	1	X 
3640	872	654	0	X 
3641	872	654	1	X 
3642	873	655	0	X 
3643	873	655	1	X 
3644	874	656	0	X 
3645	874	656	1	X 
3646	875	657	0	X 
3647	875	657	1	X 
3648	921	647	0	X 
3649	921	647	1	X 
3650	922	647	0	X 
3651	922	647	1	X 
3652	923	647	0	X 
3653	923	647	1	X 
3656	924	648	0	X 
3657	924	648	1	X 
3660	925	648	0	X 
3661	925	648	1	X 
3664	926	648	0	X 
3665	926	648	1	X 
3666	927	649	0	X 
3667	927	649	1	X 
3668	928	649	0	X 
3669	928	649	1	X 
3670	929	649	0	X 
3671	929	649	1	X 
3672	930	649	0	X 
3673	930	649	1	X 
3674	930	650	0	X 
3675	930	650	1	X 
3676	931	649	0	X 
3677	931	649	1	X 
3678	931	650	0	X 
3679	931	650	1	X 
3680	932	649	0	X 
3681	932	649	1	X 
3682	932	650	0	X 
3683	932	650	1	X 
3684	645	538	0	X 
3685	645	538	1	X 
3686	667	664	0	X 
3687	667	664	1	X 
3688	667	665	0	X 
3689	667	665	1	X 
3698	894	363	0	X 
3699	894	363	1	X 
3700	904	361	0	X 
3701	904	361	1	X 
3702	905	362	0	X 
3703	905	362	1	X 
3704	906	363	0	X 
3705	906	363	1	X 
3706	682	635	0	X 
3707	682	635	1	X 
3708	914	635	0	X 
3709	914	635	1	X 
3710	915	635	0	X 
3711	915	635	1	X 
3712	916	635	0	X 
3713	916	635	1	X 
3714	749	355	0	X 
3715	749	435	0	X 
3716	749	355	1	X 
3717	749	435	1	X 
3718	938	356	0	X 
3719	938	435	0	X 
3720	938	356	1	X 
3721	938	435	1	X 
3722	939	357	0	X 
3723	939	435	0	X 
3724	939	357	1	X 
3725	939	435	1	X 
3726	584	764	0	X 
3727	584	764	1	X 
3728	591	766	0	X 
3729	591	766	1	X 
3730	610	768	0	X 
3731	610	768	1	X 
3732	608	511	0	X 
3733	608	511	1	X 
3734	717	545	0	X 
3735	717	545	1	X 
3736	716	769	0	X 
3737	716	769	1	X 
3738	593	770	0	X 
3739	593	770	1	X 
3740	709	771	0	X 
3741	709	771	1	X 
3742	616	772	0	X 
3743	616	772	1	X 
3744	596	773	0	X 
3745	596	773	1	X 
3746	639	774	0	X 
3747	639	774	1	X 
3748	480	775	0	X 
3749	480	775	1	X 
3750	856	777	0	X 
3751	856	777	1	X 
3752	783	778	0	X 
3753	783	778	1	X 
3754	941	778	0	X 
3755	941	778	1	X 
3756	942	778	0	X 
3757	942	778	1	X 
3758	783	779	0	X 
3759	783	779	1	X 
3760	941	780	0	X 
3761	941	780	1	X 
3762	942	781	0	X 
3763	942	781	1	X 
3768	854	414	0	X 
3769	854	415	0	X 
3770	854	414	1	X 
3771	854	415	1	X 
3772	584	414	0	X 
3773	584	415	0	X 
3774	584	414	1	X 
3775	584	415	1	X 
3776	586	414	0	X 
3777	586	415	0	X 
3778	586	414	1	X 
3779	586	415	1	X 
3780	599	414	0	X 
3781	599	415	0	X 
3782	599	414	1	X 
3783	599	415	1	X 
3784	838	414	0	X 
3785	838	415	0	X 
3786	838	414	1	X 
3787	838	415	1	X 
3788	839	414	0	X 
3789	839	415	0	X 
3790	839	414	1	X 
3791	839	415	1	X 
3792	853	414	0	X 
3793	853	415	0	X 
3794	853	414	1	X 
3795	853	415	1	X 
3796	855	414	0	X 
3797	855	415	0	X 
3798	855	414	1	X 
3799	855	415	1	X 
3800	498	414	0	X 
3801	498	415	0	X 
3802	498	414	1	X 
3803	498	415	1	X 
3804	722	414	0	X 
3805	722	415	0	X 
3806	722	414	1	X 
3807	722	415	1	X 
3808	595	414	0	X 
3809	595	415	0	X 
3810	595	414	1	X 
3811	595	415	1	X 
3812	718	414	0	X 
3813	718	415	0	X 
3814	718	414	1	X 
3815	718	415	1	X 
3816	721	414	0	X 
3817	721	415	0	X 
3818	721	414	1	X 
3819	721	415	1	X 
3820	719	414	0	X 
3821	719	415	0	X 
3822	719	414	1	X 
3823	719	415	1	X 
3824	594	414	0	X 
3825	594	415	0	X 
3826	594	414	1	X 
3827	594	415	1	X 
3828	720	414	0	X 
3829	720	415	0	X 
3830	720	414	1	X 
3831	720	415	1	X 
3832	499	414	0	X 
3833	499	415	0	X 
3834	499	414	1	X 
3835	499	415	1	X 
3836	807	414	0	X 
3837	807	415	0	X 
3838	807	414	1	X 
3839	807	415	1	X 
3840	639	414	0	X 
3841	639	415	0	X 
3842	639	414	1	X 
3843	639	415	1	X 
3844	640	414	0	X 
3845	640	415	0	X 
3846	640	414	1	X 
3847	640	415	1	X 
3848	641	414	0	X 
3849	641	415	0	X 
3850	641	414	1	X 
3851	641	415	1	X 
3852	642	414	0	X 
3853	642	415	0	X 
3854	642	414	1	X 
3855	642	415	1	X 
3856	645	414	0	X 
3857	645	415	0	X 
3858	645	414	1	X 
3859	645	415	1	X 
3860	643	414	0	X 
3861	643	415	0	X 
3862	643	414	1	X 
3863	643	415	1	X 
3864	644	414	0	X 
3865	644	415	0	X 
3866	644	414	1	X 
3867	644	415	1	X 
3868	646	414	0	X 
3869	646	415	0	X 
3870	646	414	1	X 
3871	646	415	1	X 
3872	593	414	0	X 
3873	593	415	0	X 
3874	593	414	1	X 
3875	593	415	1	X 
3876	742	414	0	X 
3877	742	415	0	X 
3878	742	414	1	X 
3879	742	415	1	X 
3880	744	414	0	X 
3881	744	415	0	X 
3882	744	414	1	X 
3883	744	415	1	X 
3884	743	414	0	X 
3885	743	415	0	X 
3886	743	414	1	X 
3887	743	415	1	X 
3888	746	414	0	X 
3889	746	415	0	X 
3890	746	414	1	X 
3891	746	415	1	X 
3892	748	414	0	X 
3893	748	415	0	X 
3894	748	414	1	X 
3895	748	415	1	X 
3896	745	414	0	X 
3897	745	415	0	X 
3898	745	414	1	X 
3899	745	415	1	X 
3900	747	414	0	X 
3901	747	415	0	X 
3902	747	414	1	X 
3903	747	415	1	X 
3904	716	414	0	X 
3905	716	415	0	X 
3906	716	414	1	X 
3907	716	415	1	X 
3908	717	414	0	X 
3909	717	415	0	X 
3910	717	414	1	X 
3911	717	415	1	X 
3912	725	414	0	X 
3913	725	415	0	X 
3914	725	414	1	X 
3915	725	415	1	X 
3916	726	414	0	X 
3917	726	415	0	X 
3918	726	414	1	X 
3919	726	415	1	X 
3920	723	414	0	X 
3921	723	415	0	X 
3922	723	414	1	X 
3923	723	415	1	X 
3924	724	414	0	X 
3925	724	415	0	X 
3926	724	414	1	X 
3927	724	415	1	X 
3928	761	414	0	X 
3929	761	415	0	X 
3930	761	414	1	X 
3931	761	415	1	X 
3932	762	414	0	X 
3933	762	415	0	X 
3934	762	414	1	X 
3935	762	415	1	X 
3936	596	414	0	X 
3937	596	415	0	X 
3938	596	414	1	X 
3939	596	415	1	X 
3940	588	414	0	X 
3941	588	415	0	X 
3942	588	414	1	X 
3943	588	415	1	X 
3944	603	414	0	X 
3945	603	415	0	X 
3946	603	414	1	X 
3947	603	415	1	X 
3948	602	414	0	X 
3949	602	415	0	X 
3950	602	414	1	X 
3951	602	415	1	X 
3952	605	414	0	X 
3953	605	415	0	X 
3954	605	414	1	X 
3955	605	415	1	X 
3956	606	414	0	X 
3957	606	415	0	X 
3958	606	414	1	X 
3959	606	415	1	X 
3960	604	414	0	X 
3961	604	415	0	X 
3962	604	414	1	X 
3963	604	415	1	X 
3964	607	414	0	X 
3965	607	415	0	X 
3966	607	414	1	X 
3967	607	415	1	X 
3968	478	414	0	X 
3969	478	415	0	X 
3970	478	414	1	X 
3971	478	415	1	X 
3972	480	414	0	X 
3973	480	415	0	X 
3974	480	414	1	X 
3975	480	415	1	X 
3976	755	414	0	X 
3977	755	415	0	X 
3978	755	414	1	X 
3979	755	415	1	X 
3980	479	414	0	X 
3981	479	415	0	X 
3982	479	414	1	X 
3983	479	415	1	X 
3984	757	414	0	X 
3985	757	415	0	X 
3986	757	414	1	X 
3987	757	415	1	X 
3988	756	414	0	X 
3989	756	415	0	X 
3990	756	414	1	X 
3991	756	415	1	X 
3992	758	414	0	X 
3993	758	415	0	X 
3994	758	414	1	X 
3995	758	415	1	X 
3996	759	414	0	X 
3997	759	415	0	X 
3998	759	414	1	X 
3999	759	415	1	X 
4000	856	414	0	X 
4001	856	415	0	X 
4002	856	414	1	X 
4003	856	415	1	X 
4004	857	414	0	X 
4005	857	415	0	X 
4006	857	414	1	X 
4007	857	415	1	X 
4008	870	414	0	X 
4009	870	415	0	X 
4010	870	414	1	X 
4011	870	415	1	X 
4012	871	414	0	X 
4013	871	415	0	X 
4014	871	414	1	X 
4015	871	415	1	X 
4016	872	414	0	X 
4017	872	415	0	X 
4018	872	414	1	X 
4019	872	415	1	X 
4020	873	414	0	X 
4021	873	415	0	X 
4022	873	414	1	X 
4023	873	415	1	X 
4024	874	414	0	X 
4025	874	415	0	X 
4026	874	414	1	X 
4027	874	415	1	X 
4028	875	414	0	X 
4029	875	415	0	X 
4030	875	414	1	X 
4031	875	415	1	X 
4032	591	414	0	X 
4033	591	415	0	X 
4034	591	414	1	X 
4035	591	415	1	X 
4036	778	414	0	X 
4037	778	415	0	X 
4038	778	414	1	X 
4039	778	415	1	X 
4040	779	414	0	X 
4041	779	415	0	X 
4042	779	414	1	X 
4043	779	415	1	X 
4044	780	414	0	X 
4045	780	415	0	X 
4046	780	414	1	X 
4047	780	415	1	X 
4048	890	414	0	X 
4049	890	415	0	X 
4050	890	414	1	X 
4051	890	415	1	X 
4052	891	414	0	X 
4053	891	415	0	X 
4054	891	414	1	X 
4055	891	415	1	X 
4056	892	414	0	X 
4057	892	415	0	X 
4058	892	414	1	X 
4059	892	415	1	X 
4060	893	414	0	X 
4061	893	415	0	X 
4062	893	414	1	X 
4063	893	415	1	X 
4064	609	414	0	X 
4065	609	415	0	X 
4066	609	414	1	X 
4067	609	415	1	X 
4068	608	414	0	X 
4069	608	415	0	X 
4070	608	414	1	X 
4071	608	415	1	X 
4072	610	414	0	X 
4073	610	415	0	X 
4074	610	414	1	X 
4075	610	415	1	X 
4076	611	414	0	X 
4077	611	415	0	X 
4078	611	414	1	X 
4079	611	415	1	X 
4080	613	414	0	X 
4081	613	415	0	X 
4082	613	414	1	X 
4083	613	415	1	X 
4084	612	414	0	X 
4085	612	415	0	X 
4086	612	414	1	X 
4087	612	415	1	X 
4088	615	414	0	X 
4089	615	415	0	X 
4090	615	414	1	X 
4091	615	415	1	X 
4092	614	414	0	X 
4093	614	415	0	X 
4094	614	414	1	X 
4095	614	415	1	X 
4096	616	414	0	X 
4097	616	415	0	X 
4098	616	414	1	X 
4099	616	415	1	X 
4100	619	414	0	X 
4101	619	415	0	X 
4102	619	414	1	X 
4103	619	415	1	X 
4104	617	414	0	X 
4105	617	415	0	X 
4106	617	414	1	X 
4107	617	415	1	X 
4108	589	414	0	X 
4109	589	415	0	X 
4110	589	414	1	X 
4111	589	415	1	X 
4112	620	414	0	X 
4113	620	415	0	X 
4114	620	414	1	X 
4115	620	415	1	X 
4116	618	414	0	X 
4117	618	415	0	X 
4118	618	414	1	X 
4119	618	415	1	X 
4120	621	414	0	X 
4121	621	415	0	X 
4122	621	414	1	X 
4123	621	415	1	X 
4124	590	414	0	X 
4125	590	415	0	X 
4126	590	414	1	X 
4127	590	415	1	X 
4128	709	414	0	X 
4129	709	415	0	X 
4130	709	414	1	X 
4131	709	415	1	X 
4132	708	414	0	X 
4133	708	415	0	X 
4134	708	414	1	X 
4135	708	415	1	X 
4136	711	414	0	X 
4137	711	415	0	X 
4138	711	414	1	X 
4139	711	415	1	X 
4140	710	414	0	X 
4141	710	415	0	X 
4142	710	414	1	X 
4143	710	415	1	X 
4144	714	414	0	X 
4145	714	415	0	X 
4146	714	414	1	X 
4147	714	415	1	X 
4148	712	414	0	X 
4149	712	415	0	X 
4150	712	414	1	X 
4151	712	415	1	X 
4152	713	414	0	X 
4153	713	415	0	X 
4154	713	414	1	X 
4155	713	415	1	X 
4156	715	414	0	X 
4157	715	415	0	X 
4158	715	414	1	X 
4159	715	415	1	X 
4160	733	414	0	X 
4161	733	415	0	X 
4162	733	414	1	X 
4163	733	415	1	X 
4164	983	802	0	X 
4165	983	801	0	X 
4166	983	802	1	X 
4167	983	801	1	X 
4168	984	802	0	X 
4169	984	803	0	X 
4170	984	802	1	X 
4171	984	803	1	X 
4172	985	802	0	X 
4173	985	804	0	X 
4174	985	802	1	X 
4175	985	804	1	X 
4176	946	749	0	X 
4177	946	749	1	X 
4178	986	805	0	X 
4179	986	805	1	X 
4180	986	806	0	X 
4181	986	806	1	X 
4182	986	807	0	X 
4183	986	414	0	X 
4184	986	415	0	X 
4185	986	807	1	X 
4186	986	414	1	X 
4187	986	415	1	X 
4188	988	350	0	X 
4189	988	459	0	X 
4190	988	350	1	X 
4191	988	459	1	X 
4192	988	810	0	X 
4193	988	414	0	X 
4194	988	415	0	X 
4195	988	811	1	X 
4196	988	414	1	X 
4197	988	415	1	X 
4198	989	343	0	X 
4199	989	451	0	X 
4200	989	343	1	X 
4201	989	451	1	X 
4202	989	812	0	X 
4203	989	414	0	X 
4204	989	415	0	X 
4205	989	813	1	X 
4206	989	414	1	X 
4207	989	415	1	X 
4208	990	360	0	X 
4209	990	463	0	X 
4210	990	360	1	X 
4211	990	463	1	X 
4212	990	814	0	X 
4213	990	814	1	X 
4214	990	414	0	X 
4215	990	415	0	X 
4216	990	414	1	X 
4217	990	415	1	X 
4218	991	815	0	X 
4219	991	815	1	X 
4220	992	333	0	X 
4221	992	443	0	X 
4222	992	333	1	X 
4223	992	443	1	X 
4224	992	816	0	X 
4225	992	414	0	X 
4226	992	415	0	X 
4227	992	816	1	X 
4228	992	414	1	X 
4229	992	415	1	X 
4230	993	817	0	X 
4231	993	817	1	X 
4232	994	347	0	X 
4233	994	347	1	X 
4234	994	819	0	X 
4235	994	819	1	X 
4236	994	818	0	X 
4237	994	414	0	X 
4238	994	415	0	X 
4239	994	818	1	X 
4240	994	414	1	X 
4241	994	415	1	X 
4242	995	348	0	X 
4243	995	466	0	X 
4244	995	820	0	X 
4245	995	348	1	X 
4246	995	466	1	X 
4247	995	820	1	X 
4248	995	414	0	X 
4249	995	415	0	X 
4250	995	414	1	X 
4251	995	415	1	X 
4252	996	366	0	X 
4253	996	447	0	X 
4254	996	822	0	X 
4255	996	414	0	X 
4256	996	415	0	X 
4257	996	366	1	X 
4258	996	447	1	X 
4259	996	822	1	X 
4260	996	414	1	X 
4261	996	415	1	X 
4262	997	337	0	X 
4263	997	440	0	X 
4264	997	337	1	X 
4265	997	440	1	X 
4266	997	823	0	X 
4267	997	414	0	X 
4268	997	415	0	X 
4269	997	823	1	X 
4270	997	414	1	X 
4271	997	415	1	X 
4272	998	336	0	X 
4273	998	336	1	X 
4274	998	416	0	X 
4275	998	416	1	X 
4276	998	824	0	X 
4277	998	824	1	X 
4278	998	414	0	X 
4279	998	415	0	X 
4280	998	414	1	X 
4281	998	415	1	X 
4282	999	356	0	X 
4283	999	356	1	X 
4284	999	470	0	X 
4285	999	470	1	X 
4286	999	825	0	X 
4287	999	825	1	X 
4288	999	414	0	X 
4289	999	415	0	X 
4290	999	414	1	X 
4291	999	415	1	X 
4292	1000	341	0	X 
4293	1000	455	0	X 
4294	1000	341	1	X 
4295	1000	455	1	X 
4296	1000	826	0	X 
4297	1000	414	0	X 
4298	1000	415	0	X 
4299	1000	826	1	X 
4300	1000	414	1	X 
4301	1000	415	1	X 
4302	1001	342	0	X 
4303	1001	342	1	X 
4304	1001	454	0	X 
4305	1001	454	1	X 
4306	1001	827	0	X 
4307	1001	827	1	X 
4308	1001	414	0	X 
4309	1001	415	0	X 
4310	1001	414	1	X 
4311	1001	415	1	X 
4312	1002	353	0	X 
4313	1002	828	0	X 
4314	1002	457	0	X 
4315	1002	414	0	X 
4316	1002	415	0	X 
4317	1002	353	1	X 
4318	1002	828	1	X 
4319	1002	457	1	X 
4320	1002	414	1	X 
4321	1002	415	1	X 
4322	1003	362	0	X 
4323	1003	446	0	X 
4324	1003	362	1	X 
4325	1003	446	1	X 
4326	1003	829	0	X 
4327	1003	414	0	X 
4328	1003	415	0	X 
4329	1003	829	1	X 
4330	1003	414	1	X 
4331	1003	415	1	X 
4332	875	855	0	X 
4333	875	855	1	X 
4334	1004	876	0	X 
4335	1004	876	1	X 
4336	1005	876	0	X 
4337	1005	876	1	X 
4338	1006	876	0	X 
4339	1006	876	1	X 
4340	1007	876	0	X 
4341	1007	876	1	X 
4342	716	855	0	X 
4343	716	855	1	X 
4344	717	855	0	X 
4345	717	855	1	X 
4346	725	855	0	X 
4347	725	855	1	X 
4348	726	855	0	X 
4349	726	855	1	X 
4350	723	855	0	X 
4351	723	855	1	X 
4352	724	855	0	X 
4353	724	855	1	X 
4354	761	855	0	X 
4355	761	855	1	X 
4356	762	855	0	X 
4357	762	855	1	X 
4358	1008	877	0	X 
4359	1008	877	1	X 
4360	1012	878	0	X 
4361	1012	878	1	X 
4362	1009	877	0	X 
4363	1009	877	1	X 
4364	1010	877	0	X 
4365	1010	877	1	X 
4366	1011	877	0	X 
4367	1011	877	1	X 
4368	1013	878	0	X 
4369	1013	878	1	X 
4370	1014	878	0	X 
4371	1014	878	1	X 
4372	1015	878	0	X 
4373	1015	878	1	X 
4374	1016	879	0	X 
4375	1016	879	1	X 
4376	1020	879	0	X 
4377	1020	879	1	X 
4378	1021	879	0	X 
4379	1021	879	1	X 
4380	1022	879	0	X 
4381	1022	879	1	X 
4382	1023	884	0	X 
4383	1023	884	1	X 
4384	1027	885	0	X 
4385	1027	885	1	X 
4386	1031	886	0	X 
4387	1031	886	1	X 
4388	1024	884	0	X 
4389	1024	884	1	X 
4390	1025	884	0	X 
4391	1025	884	1	X 
4392	1026	884	0	X 
4393	1026	884	1	X 
4394	1032	886	0	X 
4395	1032	886	1	X 
4396	1033	886	0	X 
4397	1033	886	1	X 
4398	1034	886	0	X 
4399	1034	886	1	X 
4400	1028	885	0	X 
4401	1028	885	1	X 
4402	1029	885	0	X 
4403	1029	885	1	X 
4404	1030	885	0	X 
4405	1030	885	1	X 
4406	1035	887	0	X 
4407	1035	887	1	X 
4408	1036	887	0	X 
4409	1036	887	1	X 
4410	1037	887	0	X 
4411	1037	887	1	X 
4412	1038	887	0	X 
4413	1038	887	1	X 
4414	1039	888	0	X 
4415	1039	888	1	X 
4416	1043	889	0	X 
4417	1043	889	1	X 
4418	1047	890	0	X 
4419	1047	890	1	X 
4420	1048	890	0	X 
4421	1048	890	1	X 
4422	1049	890	0	X 
4423	1049	890	1	X 
4424	1050	890	0	X 
4425	1050	890	1	X 
4426	1040	888	0	X 
4427	1040	888	1	X 
4428	1041	888	0	X 
4429	1041	888	1	X 
4430	1042	888	0	X 
4431	1042	888	1	X 
4432	1044	889	0	X 
4433	1044	889	1	X 
4434	1045	889	0	X 
4435	1045	889	1	X 
4436	1046	889	0	X 
4437	1046	889	1	X 
4438	1051	891	0	X 
4439	1051	891	1	X 
4440	1052	891	0	X 
4441	1052	891	1	X 
4442	1053	891	0	X 
4443	1053	891	1	X 
4444	1054	891	0	X 
4445	1054	891	1	X 
4446	616	855	0	X 
4447	616	855	1	X 
4448	584	855	0	X 
4449	584	855	1	X 
4450	586	855	0	X 
4451	586	855	1	X 
4452	599	855	0	X 
4453	599	855	1	X 
4454	838	855	0	X 
4455	838	855	1	X 
4456	839	855	0	X 
4457	839	855	1	X 
4458	853	855	0	X 
4459	853	855	1	X 
4460	854	855	0	X 
4461	854	855	1	X 
4462	855	855	0	X 
4463	855	855	1	X 
4464	498	855	0	X 
4465	498	855	1	X 
4466	722	855	0	X 
4467	722	855	1	X 
4468	595	855	0	X 
4469	595	855	1	X 
4470	718	855	0	X 
4471	718	855	1	X 
4472	721	855	0	X 
4473	721	855	1	X 
4474	719	855	0	X 
4475	719	855	1	X 
4476	594	855	0	X 
4477	594	855	1	X 
4478	720	855	0	X 
4479	720	855	1	X 
4480	499	855	0	X 
4481	499	855	1	X 
4482	807	855	0	X 
4483	807	855	1	X 
4484	639	855	0	X 
4485	639	855	1	X 
4486	640	855	0	X 
4487	640	855	1	X 
4488	641	855	0	X 
4489	641	855	1	X 
4490	642	855	0	X 
4491	642	855	1	X 
4492	645	855	0	X 
4493	645	855	1	X 
4494	643	855	0	X 
4495	643	855	1	X 
4496	644	855	0	X 
4497	644	855	1	X 
4498	646	855	0	X 
4499	646	855	1	X 
4500	593	855	0	X 
4501	593	855	1	X 
4502	742	855	0	X 
4503	742	855	1	X 
4504	744	855	0	X 
4505	744	855	1	X 
4506	743	855	0	X 
4507	743	855	1	X 
4508	746	855	0	X 
4509	746	855	1	X 
4510	748	855	0	X 
4511	748	855	1	X 
4512	745	855	0	X 
4513	745	855	1	X 
4514	747	855	0	X 
4515	747	855	1	X 
4516	596	855	0	X 
4517	596	855	1	X 
4518	588	855	0	X 
4519	588	855	1	X 
4520	603	855	0	X 
4521	603	855	1	X 
4522	602	855	0	X 
4523	602	855	1	X 
4524	605	855	0	X 
4525	605	855	1	X 
4526	606	855	0	X 
4527	606	855	1	X 
4528	604	855	0	X 
4529	604	855	1	X 
4530	607	855	0	X 
4531	607	855	1	X 
4532	478	855	0	X 
4533	478	855	1	X 
4534	480	855	0	X 
4535	480	855	1	X 
4536	755	855	0	X 
4537	755	855	1	X 
4538	479	855	0	X 
4539	479	855	1	X 
4540	757	855	0	X 
4541	757	855	1	X 
4542	756	855	0	X 
4543	756	855	1	X 
4544	758	855	0	X 
4545	758	855	1	X 
4546	759	855	0	X 
4547	759	855	1	X 
4548	856	855	0	X 
4549	856	855	1	X 
4550	857	855	0	X 
4551	857	855	1	X 
4552	870	855	0	X 
4553	870	855	1	X 
4554	871	855	0	X 
4555	871	855	1	X 
4556	872	855	0	X 
4557	872	855	1	X 
4558	873	855	0	X 
4559	873	855	1	X 
4560	874	855	0	X 
4561	874	855	1	X 
4562	591	855	0	X 
4563	591	855	1	X 
4564	778	855	0	X 
4565	778	855	1	X 
4566	779	855	0	X 
4567	779	855	1	X 
4568	780	855	0	X 
4569	780	855	1	X 
4570	890	855	0	X 
4571	890	855	1	X 
4572	891	855	0	X 
4573	891	855	1	X 
4574	892	855	0	X 
4575	892	855	1	X 
4576	893	855	0	X 
4577	893	855	1	X 
4578	609	855	0	X 
4579	609	855	1	X 
4580	608	855	0	X 
4581	608	855	1	X 
4582	610	855	0	X 
4583	610	855	1	X 
4584	611	855	0	X 
4585	611	855	1	X 
4586	615	855	0	X 
4587	615	855	1	X 
4588	614	855	0	X 
4589	614	855	1	X 
4590	613	855	0	X 
4591	613	855	1	X 
4592	612	855	0	X 
4593	612	855	1	X 
4594	619	855	0	X 
4595	619	855	1	X 
4596	617	855	0	X 
4597	617	855	1	X 
4598	589	855	0	X 
4599	589	855	1	X 
4600	620	855	0	X 
4601	620	855	1	X 
4602	618	855	0	X 
4603	618	855	1	X 
4604	621	855	0	X 
4605	621	855	1	X 
4606	590	855	0	X 
4607	590	855	1	X 
4608	709	855	0	X 
4609	709	855	1	X 
4610	708	855	0	X 
4611	708	855	1	X 
4612	711	855	0	X 
4613	711	855	1	X 
4614	710	855	0	X 
4615	710	855	1	X 
4616	714	855	0	X 
4617	714	855	1	X 
4618	712	855	0	X 
4619	712	855	1	X 
4620	713	855	0	X 
4621	713	855	1	X 
4622	715	855	0	X 
4623	715	855	1	X 
4624	733	855	0	X 
4625	733	855	1	X 
4626	986	855	0	X 
4627	986	855	1	X 
4628	1003	855	0	X 
4629	1003	855	1	X 
4630	990	855	0	X 
4631	990	855	1	X 
4632	999	855	0	X 
4633	999	855	1	X 
4634	996	855	0	X 
4635	996	855	1	X 
4636	994	855	0	X 
4637	994	855	1	X 
4638	995	855	0	X 
4639	995	855	1	X 
4640	998	855	0	X 
4641	998	855	1	X 
4642	1000	855	0	X 
4643	1000	855	1	X 
4644	1001	855	0	X 
4645	1001	855	1	X 
4646	1002	855	0	X 
4647	1002	855	1	X 
4648	988	855	0	X 
4649	988	855	1	X 
4650	992	855	0	X 
4651	992	855	1	X 
4652	997	855	0	X 
4653	997	855	1	X 
4654	989	855	0	X 
4655	989	855	1	X 
4656	760	413	0	X 
4657	760	413	1	X 
4658	1055	952	0	X 
4659	1055	952	1	X 
4660	1056	952	0	X 
4661	1056	952	1	X 
4662	1057	953	0	X 
4663	1057	953	1	X 
4664	1058	953	0	X 
4665	1058	953	1	X 
4666	1059	954	0	X 
4667	1059	954	1	X 
4668	1060	954	0	X 
4669	1060	954	1	X 
4670	1055	978	0	X 
4671	1055	978	1	X 
4672	1056	978	0	X 
4673	1056	978	1	X 
4674	1057	978	0	X 
4675	1057	978	1	X 
4676	1058	978	0	X 
4677	1058	978	1	X 
4678	1059	978	0	X 
4679	1059	978	1	X 
4680	1060	978	0	X 
4681	1060	978	1	X 
4700	1069	1062	1	X 
4707	1068	1042	1	X 
4708	1066	1083	1	X 
4709	1071	1084	1	X 
4710	1064	1085	1	X 
4713	1067	1084	1	X 
4716	1065	1062	1	X 
4718	1062	1043	1	X 
4719	1068	1042	0	X 
4722	1072	1043	1	X 
4729	1069	1091	1	X 
4730	1069	1090	1	X 
4733	1072	1096	1	X 
4734	1072	1097	1	X 
4735	1068	1099	0	X 
4736	1068	1098	1	X 
4737	1063	1085	0	X 
4738	1066	1083	0	X 
4740	1064	1085	0	X 
4741	1070	1083	0	X 
4742	1071	1084	0	X 
4743	1073	1084	0	X 
4744	1073	1084	1	X 
4745	1067	1084	0	X 
4746	1063	1083	1	X 
4747	1070	1085	1	X 
4752	1068	1100	0	X 
4753	1068	1101	0	X 
4754	1068	1100	1	X 
4755	1068	1101	1	X 
4778	1062	1112	1	X 
4779	1062	1104	1	X 
4780	1065	1131	1	X 
4781	1065	1087	1	X 
4782	1067	1139	0	X 
4783	1067	1138	1	X 
4784	1063	1139	0	X 
4785	1063	1138	1	X 
4786	1066	1139	0	X 
4787	1066	1138	1	X 
4788	1064	1139	0	X 
4789	1064	1138	1	X 
4790	1070	1139	0	X 
4791	1070	1138	1	X 
4792	1071	1139	0	X 
4793	1071	1138	1	X 
4794	1073	1139	0	X 
4795	1073	1138	1	X 
4801	1062	1043	0	X 
4802	1062	1103	0	X 
4803	1062	1111	0	X 
4807	1069	1062	0	X 
4808	1069	1093	0	X 
4809	1069	1102	0	X 
4811	1065	1062	0	X 
4812	1065	1114	0	X 
4813	1065	1094	0	X 
4814	1072	1043	0	X 
4815	1072	1088	0	X 
4816	1072	1089	0	X 
4817	1065	1100	0	X 
4818	1065	1100	1	X 
4819	1072	1100	0	X 
4820	1072	1100	1	X 
4821	1069	1100	0	X 
4822	1069	1100	1	X 
4823	1062	1100	0	X 
4824	1062	1100	1	X 
4925	1177	1083	0	X 
4926	1177	1139	0	X 
4927	1177	1085	1	X 
4928	1177	1138	1	X 
4929	1178	1084	0	X 
4930	1178	1139	0	X 
4931	1178	1084	1	X 
4932	1178	1138	1	X 
4933	1179	1085	0	X 
4934	1179	1139	0	X 
4935	1179	1083	1	X 
4936	1179	1138	1	X 
