3	117	433	0	X 
4	118	439	0	X 
5	159	430	0	X 
7	414	434	0	X 
8	422	435	0	X 
10	724	5005	0	X 
11	728	483	0	X 
13	733	435	0	X 
15	744	12257	0	X 
24	858	440	0	X 
32	929	441	0	X 
38	955	8096	0	X 
39	961	433	0	X 
41	1017	5006	0	X 
42	1082	5006	0	X 
45	1127	145727	0	X 
56	1177	54497	0	X 
57	1178	1940	0	X 
58	1179	431	0	X 
59	1180	8099	0	X 
64	1205	432	0	X 
67	1262	5257	0	X 
72	1322	7396	0	X 
73	1326	434	0	X 
100	1970	8070	0	X 
106	2070	433	0	X 
123	2313	2832	0	X 
136	2454	2367	0	X 
137	2455	437	0	X 
138	2456	2370	0	X 
139	2457	2374	0	X 
140	2458	2378	0	X 
141	2459	2379	0	X 
166	2697	483	0	X 
170	2699	483	0	X 
174	2701	483	0	X 
176	2723	11007	0	X 
178	2820	14530	0	X 
182	2863	2829	0	X 
190	2888	5004	0	X 
191	2889	483	0	X 
200	3080	73287	0	X 
201	3087	29236	0	X 
203	3220	5005	0	X 
205	3240	3113	0	X 
207	3251	7669	0	X 
210	3382	3219	0	X 
225	3434	700	0	X 
226	3448	2639	0	X 
243	3663	5006	0	X 
246	3666	5006	0	X 
247	3678	483	0	X 
249	3679	483	0	X 
251	3680	483	0	X 
253	3681	483	0	X 
255	3682	483	0	X 
257	3683	483	0	X 
263	3728	5007	0	X 
264	3729	5007	0	X 
265	3734	483	0	X 
267	3735	483	0	X 
269	3736	483	0	X 
271	3737	483	0	X 
281	3825	3593	0	X 
283	3827	2023	0	X 
315	3928	4042	0	X 
321	4265	2833	0	X 
422	4457	5007	0	X 
429	4536	433	0	X 
433	4540	433	0	X 
434	4541	434	0	X 
435	4542	435	0	X 
437	4546	4318	0	X 
442	4596	440	0	X 
443	4597	483	0	X 
445	4598	4062	0	X 
451	4604	433	0	X 
452	4605	434	0	X 
453	4606	435	0	X 
456	4609	483	0	X 
458	4623	4941	0	X 
459	4624	483	0	X 
463	4656	433	0	X 
468	4852	5134	0	X 
469	4941	8312	0	X 
470	4945	16375	0	X 
471	4952	5020	0	X 
472	4953	5021	0	X 
474	4984	5024	0	X 
476	4986	5099	0	X 
489	5083	483	0	X 
500	5131	483	0	X 
507	5205	434	0	X 
509	5218	5666	0	X 
511	5251	5809	0	X 
512	5323	14053	0	X 
515	5342	6114	0	X 
524	5421	6296	0	X 
527	5457	8277	0	X 
528	5462	6405	0	X 
529	5472	5004	0	X 
534	5477	5005	0	X 
535	5478	435	0	X 
538	5482	483	0	X 
546	5486	483	0	X 
570	5613	14134	0	X 
621	5816	6724	0	X 
639	5951	7108	0	X 
646	5996	7178	0	X 
647	5997	673	0	X 
681	6149	11903	0	X 
702	6290	433	0	X 
741	6372	7840	0	X 
767	6476	483	0	X 
772	6529	8087	0	X 
782	6635	8202	0	X 
783	6636	8898	0	X 
784	6637	8899	0	X 
796	6662	8212	0	X 
799	6672	483	0	X 
802	6710	483	0	X 
810	6735	483	0	X 
817	6807	1127	0	X 
818	6811	8532	0	X 
820	6866	8593	0	X 
828	6898	18956	0	X 
835	6972	70537	0	X 
866	7133	70537	0	X 
911	7507	9252	0	X 
912	7508	9252	0	X 
913	7515	9253	0	X 
921	7667	9489	0	X 
922	7676	9512	0	X 
959	7978	483	0	X 
961	7979	483	0	X 
963	7980	483	0	X 
965	7981	483	0	X 
967	7982	483	0	X 
969	7983	483	0	X 
971	7984	483	0	X 
973	7985	483	0	X 
1006	8066	10137	0	X 
1012	8095	10723	0	X 
1015	8173	10344	0	X 
1056	8403	483	0	X 
1058	8404	483	0	X 
1060	8405	483	0	X 
1062	8406	483	0	X 
1064	8407	483	0	X 
1066	8408	483	0	X 
1070	8410	10667	0	X 
1071	8411	10668	0	X 
1072	8412	10669	0	X 
1073	8423	10692	0	X 
1074	8424	10693	0	X 
1075	8432	10723	0	X 
1079	8486	55884	0	X 
1111	8529	16589	0	X 
1143	8703	11209	0	X 
1156	9030	11359	0	X 
1167	9224	11406	0	X 
1209	9367	483	0	X 
1247	9681	1129	0	X 
1312	10398	55884	0	X 
1314	10418	12733	0	X 
1317	10444	12283	0	X 
1319	10455	12766	0	X 
1320	10463	483	0	X 
1328	10515	12534	0	X 
1407	10830	13808	0	X 
1486	11243	14050	0	X 
1489	11320	14806	0	X 
1490	11325	14814	0	X 
1494	11445	15033	0	X 
1496	11474	55884	0	X 
1499	11562	15229	0	X 
1500	11563	15231	0	X 
1501	11564	15233	0	X 
1502	11565	15235	0	X 
1503	11566	15239	0	X 
1504	11567	15279	0	X 
1508	11584	5004	0	X 
1526	11622	15340	0	X 
1530	11642	15389	0	X 
1531	11643	15391	0	X 
1532	11645	15397	0	X 
1533	11646	15400	0	X 
1534	11647	15402	0	X 
1535	11648	15404	0	X 
1536	11649	15406	0	X 
1571	11846	11008	0	X 
1577	11905	15712	0	X 
1587	12003	11629	0	X 
1633	12264	55884	0	X 
1668	12450	16322	0	X 
1669	12451	16323	0	X 
1670	12455	16326	0	X 
1671	12457	16325	0	X 
1672	12458	16327	0	X 
1673	12459	16321	0	X 
1674	12460	16329	0	X 
1707	12650	16629	0	X 
1717	12687	483	0	X 
1719	12688	483	0	X 
1723	12690	483	0	X 
1735	12696	483	0	X 
1741	12699	483	0	X 
1743	12700	483	0	X 
1745	12701	483	0	X 
1753	12705	483	0	X 
1766	12715	483	0	X 
1779	12725	483	0	X 
1781	12726	483	0	X 
1783	12727	483	0	X 
1816	12821	483	0	X 
1820	12824	483	0	X 
1822	12825	483	0	X 
1850	12844	17047	0	X 
1877	13086	55884	0	X 
1884	13171	17283	0	X 
1910	13315	17448	0	X 
1955	13444	17531	0	X 
1957	13446	17534	0	X 
1958	13447	17535	0	X 
1959	13452	17538	0	X 
2042	13546	1129	0	X 
2043	13582	55884	0	X 
2045	13583	55884	0	X 
2047	13584	55884	0	X 
2097	14022	18307	0	X 
2098	14023	18308	0	X 
2171	14530	18610	0	X 
2193	15107	18957	0	X 
2194	15108	18957	0	X 
2212	15723	19199	0	X 
2311	15778	19363	0	X 
2326	15866	19634	0	X 
2327	15867	19638	0	X 
2332	15873	20587	0	X 
2543	16608	62352	0	X 
2580	17048	20875	0	X 
2609	17119	434	0	X 
2647	17384	21544	0	X 
2655	17410	21565	0	X 
2669	17690	196079	0	X 
2670	17691	196080	0	X 
2698	17759	21956	0	X 
2707	17900	196080	0	X 
2708	17901	196080	0	X 
2709	17902	196080	0	X 
2710	17903	196080	0	X 
2711	17904	196080	0	X 
2712	17905	196079	0	X 
2713	17906	196079	0	X 
2714	17907	196079	0	X 
2715	17908	196079	0	X 
2716	17909	196079	0	X 
2721	18149	196079	0	X 
2722	18150	196080	0	X 
2730	18160	483	0	X 
2744	18182	22599	0	X 
2772	18253	22729	0	X 
2777	18258	22736	0	X 
2789	18269	22789	0	X 
2791	18284	22790	0	X 
2804	18329	22840	0	X 
2805	18330	22844	0	X 
2806	18331	22846	0	X 
2842	18588	23000	0	X 
2843	18592	483	0	X 
2893	18659	23151	0	X 
2903	18707	23192	0	X 
2908	18746	23204	0	X 
2913	18766	55884	0	X 
2915	18767	55884	0	X 
2919	18772	55884	0	X 
2921	18773	55884	0	X 
2923	18774	55884	0	X 
2925	18776	55884	0	X 
2927	18777	55884	0	X 
2929	18778	55884	0	X 
2931	18785	55884	0	X 
2933	18786	55884	0	X 
2935	18787	55884	0	X 
2937	18788	55884	0	X 
2939	18789	55884	0	X 
2941	18790	55884	0	X 
2945	18793	55884	0	X 
2947	18794	55884	0	X 
2949	18795	55884	0	X 
2951	18796	55884	0	X 
2953	18797	55884	0	X 
2955	18798	55884	0	X 
2987	18902	55884	0	X 
2992	18951	12438	0	X 
3037	19141	23595	0	X 
3078	19221	11629	0	X 
3176	19462	23851	0	X 
3224	19782	24149	0	X 
3225	19783	24160	0	X 
3226	19784	24161	0	X 
3227	19785	24162	0	X 
3228	19786	24163	0	X 
3229	19787	24164	0	X 
3230	19788	24165	0	X 
3231	19789	24167	0	X 
3232	19790	24168	0	X 
3246	19858	24226	0	X 
3263	19948	24574	0	X 
3264	19949	24661	0	X 
3265	19950	24658	0	X 
3281	19971	24302	0	X 
3284	19979	24347	0	X 
3286	19990	24354	0	X 
3287	19991	24352	0	X 
3288	19992	50708	0	X 
3310	20031	24384	0	X 
3312	20036	24389	0	X 
3333	20076	24421	0	X 
3334	20077	24422	0	X 
3335	20078	24420	0	X 
3336	20079	24382	0	X 
3337	20080	24417	0	X 
3338	20081	24383	0	X 
3361	20130	24427	0	X 
3407	20371	55884	0	X 
3413	20389	24707	0	X 
3414	20390	24707	0	X 
3420	20403	24726	0	X 
3431	20503	24854	0	X 
3444	20512	24865	0	X 
3455	20534	25112	0	X 
3473	20557	24930	0	X 
3493	20620	24833	0	X 
3495	20651	55884	0	X 
3520	20748	25123	0	X 
3521	20749	25122	0	X 
3570	21023	25660	0	X 
3571	21025	483	0	X 
3579	21041	25720	0	X 
3605	21176	483	0	X 
3607	21180	25891	0	X 
3608	21181	25892	0	X 
3612	21213	62061	0	X 
3643	21326	26066	0	X 
3657	21537	26263	0	X 
3658	21540	26265	0	X 
3694	21711	26373	0	X 
3695	21713	26374	0	X 
3703	21722	483	0	X 
3705	21723	483	0	X 
3731	21737	483	0	X 
3733	21738	483	0	X 
3863	21991	27031	0	X 
3884	22057	27203	0	X 
3888	22114	55884	0	X 
3897	22131	27667	0	X 
3898	22132	27667	0	X 
3899	22133	27667	0	X 
3900	22134	27668	0	X 
3901	22135	27668	0	X 
3902	22136	27668	0	X 
3927	22192	27653	0	X 
3928	22193	27652	0	X 
3935	22200	27662	0	X 
3941	22218	27571	0	X 
4083	22635	28161	0	X 
4084	22636	28163	0	X 
4085	22638	28165	0	X 
4086	22645	5005	0	X 
4087	22647	483	0	X 
4090	22678	28200	0	X 
4127	22729	483	0	X 
4153	22778	28488	0	X 
4154	22779	28486	0	X 
4157	22781	55884	0	X 
4159	22783	28516	0	X 
4160	22784	28516	0	X 
4171	22829	28495	0	X 
4173	22831	54494	0	X 
4174	22832	28499	0	X 
4191	22850	28517	0	X 
4268	23002	55884	0	X 
4272	23015	55884	0	X 
4297	23122	28891	0	X 
4298	23123	28898	0	X 
4362	23211	29334	0	X 
4366	23246	47175	0	X 
4367	23247	28806	0	X 
4377	23326	29333	0	X 
4378	23327	29332	0	X 
4385	23379	29305	0	X 
4391	23435	29335	0	X 
4393	23444	29348	0	X 
4398	23500	29451	0	X 
4425	23587	29830	0	X 
4523	23647	30978	0	X 
4524	23648	30978	0	X 
4525	23649	30978	0	X 
4526	23650	30978	0	X 
4527	23651	30978	0	X 
4528	23652	30978	0	X 
4529	23653	30978	0	X 
4539	23696	30297	0	X 
4570	23756	5004	0	X 
4659	23888	483	0	X 
4664	23905	30978	0	X 
4665	23911	30978	0	X 
4666	23912	30978	0	X 
4667	23914	30978	0	X 
4668	23916	30978	0	X 
4669	23917	30978	0	X 
4670	23918	30978	0	X 
4674	23985	30845	0	X 
4675	23986	30847	0	X 
4676	23989	30848	0	X 
4690	24072	434	0	X 
4698	24105	5004	0	X 
4836	24287	31497	0	X 
4891	24338	1131	0	X 
4897	24421	31920	0	X 
4908	24520	32098	0	X 
4909	24522	32096	0	X 
4966	25619	32355	0	X 
4967	25620	32355	0	X 
4968	25628	32362	0	X 
4969	25633	32362	0	X 
4970	25634	32367	0	X 
5028	25786	32599	0	X 
5029	25787	32600	0	X 
5075	25936	39201	0	X 
5076	25937	39200	0	X 
5078	25994	32955	0	X 
5079	25995	32956	0	X 
5080	25996	32957	0	X 
5094	27498	33077	0	X 
5095	27499	33078	0	X 
5096	27500	33079	0	X 
5097	27501	33080	0	X 
5098	27502	33081	0	X 
5099	27503	33082	0	X 
5101	27553	9512	0	X 
5104	27651	33253	0	X 
5118	27684	483	0	X 
5122	27686	483	0	X 
5176	28040	33662	0	X 
5177	28041	33667	0	X 
5178	28042	33668	0	X 
5185	28100	17534	0	X 
5187	28102	33720	0	X 
5188	28103	54452	0	X 
5194	28111	33770	0	X 
5274	28501	18234	0	X 
5309	28788	34750	0	X 
5411	29292	24800	0	X 
5447	29460	35349	0	X 
5564	29750	35725	0	X 
5565	29776	35733	0	X 
5616	30293	36347	0	X 
5617	30300	36372	0	X 
5651	30340	36432	0	X 
5663	30357	33269	0	X 
5664	30358	33262	0	X 
5665	30359	33255	0	X 
5668	30361	33264	0	X 
5741	30690	37346	0	X 
5742	30696	37360	0	X 
5761	30816	433	0	X 
5779	30858	11009	0	X 
5863	31437	38543	0	X 
5864	31449	38551	0	X 
5865	31450	38552	0	X 
5866	31451	38553	0	X 
5872	31535	38615	0	X 
5879	31615	144073	0	X 
5880	31617	144074	0	X 
5893	31666	45257	0	X 
5896	31672	35271	0	X 
5897	31673	33264	0	X 
5898	31674	483	0	X 
5900	31675	483	0	X 
6046	32079	39677	0	X 
6047	32092	39677	0	X 
6193	32446	37678	0	X 
6196	32449	40098	0	X 
6253	32602	40309	0	X 
6284	32694	40811	0	X 
6285	32695	40815	0	X 
6323	32757	41234	0	X 
6351	32857	55884	0	X 
6353	32858	55884	0	X 
6355	32859	55884	0	X 
6357	32860	55884	0	X 
6359	32861	55884	0	X 
6361	32862	55884	0	X 
6364	32864	40815	0	X 
6378	32912	41920	0	X 
6397	33016	41920	0	X 
6410	33030	44107	0	X 
6411	33031	44111	0	X 
6414	33034	44114	0	X 
6419	33043	5004	0	X 
6430	33079	42365	0	X 
6498	33226	44436	0	X 
6540	33447	43185	0	X 
6541	33448	43186	0	X 
6542	33449	43180	0	X 
6547	33457	43194	0	X 
6548	33458	43195	0	X 
6549	33459	43196	0	X 
6550	33460	43197	0	X 
6551	33461	43198	0	X 
6552	33462	43199	0	X 
6599	33792	483	0	X 
6667	34017	44107	0	X 
6670	34020	44111	0	X 
6696	34068	44212	0	X 
6713	34125	57287	0	X 
6720	34140	44540	0	X 
6750	34258	45153	0	X 
6814	34537	45373	0	X 
6815	34538	45395	0	X 
6816	34539	45397	0	X 
6823	34599	45819	0	X 
6834	34684	45417	0	X 
6846	34722	45544	0	X 
7010	35230	46149	0	X 
7317	35671	46760	0	X 
7396	35935	47215	0	X 
7397	35937	47217	0	X 
7421	36770	47430	0	X 
7464	36871	47806	0	X 
7465	36872	47807	0	X 
7467	36874	47816	0	X 
7597	37555	48846	0	X 
7598	37556	48847	0	X 
7599	37557	48848	0	X 
7600	37558	48855	0	X 
7602	37560	48865	0	X 
7604	37562	48868	0	X 
7671	37892	41920	0	X 
7698	38070	51985	0	X 
7701	38073	144108	0	X 
7708	38080	51978	0	X 
7709	38081	51987	0	X 
7715	38213	48846	0	X 
7719	38257	47816	0	X 
7720	38258	50261	0	X 
7721	38259	50263	0	X 
7837	38626	51661	0	X 
7865	38760	48875	0	X 
7866	38761	61778	0	X 
7867	38762	48875	0	X 
7868	38763	61426	0	X 
7869	38764	61427	0	X 
7870	38765	61428	0	X 
8116	39327	52697	0	X 
8124	39520	52911	0	X 
8148	39691	57285	0	X 
8165	39811	62088	0	X 
8167	39821	144130	0	X 
8181	40042	11009	0	X 
8213	40354	54092	0	X 
8231	40476	42292	0	X 
8232	40477	42292	0	X 
8234	40483	42292	0	X 
9202	42988	57350	0	X 
9270	43090	57672	0	X 
9271	43094	7865	0	X 
9274	43134	50781	0	X 
9275	43135	57727	0	X 
9277	43141	7434	0	X 
9455	43462	58442	0	X 
9462	43470	58444	0	X 
9464	43472	58441	0	X 
9465	43473	58454	0	X 
9605	43836	61620	0	X 
9606	43837	61617	0	X 
9619	43950	61306	0	X 
9652	44013	59657	0	X 
9653	44014	59658	0	X 
9654	44015	59657	0	X 
9984	44579	60986	0	X 
9997	44597	60986	0	X 
10041	44710	61308	0	X 
10042	44711	61311	0	X 
10043	44713	61312	0	X 
10065	44792	61717	0	X 
10100	44844	62012	0	X 
10257	45067	61810	0	X 
10524	45798	3366	0	X 
10595	46102	55884	0	X 
10614	46325	55884	0	X 
10762	46831	55884	0	X 
10775	46856	66393	0	X 
11115	49042	67923	0	X 
11265	49702	69757	0	X 
11286	49884	70478	0	X 
11293	49936	70771	0	X 
11294	49937	70771	0	X 
11295	49938	70774	0	X 
11296	49939	70774	0	X 
11297	49940	70777	0	X 
11298	49941	70777	0	X 
11299	49942	70779	0	X 
11300	49943	70779	0	X 
11519	52199	73549	0	X 
11520	52200	483	0	X 
11522	52201	73320	0	X 
11524	52251	73324	0	X 
11525	52252	73326	0	X 
11526	52253	73331	0	X 
11537	52351	73522	0	X 
11538	52352	73550	0	X 
11539	52353	73551	0	X 
11540	52354	73552	0	X 
11860	52974	11009	0	X 
11869	53057	74589	0	X 
11878	53597	93225	0	X 
11888	54213	2379	0	X 
11949	54651	75531	0	X 
11950	54653	75532	0	X 
11985	55049	76201	0	X 
11986	55050	76201	0	X 
11992	55121	76203	0	X 
12135	56836	101582	0	X 
12137	56847	78830	0	X 
12138	56849	78922	0	X 
12163	57316	91336	0	X 
12165	57346	90842	0	X 
12168	57518	262265	0	X 
12169	57519	262569	0	X 
12256	58933	80760	0	X 
12300	59617	92162	0	X 
12305	59685	91344	0	X 
12306	59689	91344	0	X 
12307	59707	92045	0	X 
12308	59710	92045	0	X 
12434	61381	85624	0	X 
12435	61382	262568	0	X 
12436	61383	262265	0	X 
12437	61384	11629	0	X 
12440	61429	90889	0	X 
12441	61433	92172	0	X 
12442	61448	91345	0	X 
12537	62048	89181	0	X 
12652	62908	11008	0	X 
12653	62909	262265	0	X 
12662	62966	95880	0	X 
12663	62978	95879	0	X 
12664	62984	95881	0	X 
12665	62995	95882	0	X 
12666	63023	1135	0	X 
12705	63192	95227	0	X 
12706	63194	95185	0	X 
12710	63245	93749	0	X 
12775	63632	93248	0	X 
12776	63633	93248	0	X 
12784	63742	92188	0	X 
12785	63745	92188	0	X 
12788	63840	92071	0	X 
12790	63842	90900	0	X 
12791	63843	92071	0	X 
12833	64492	91290	0	X 
12839	64597	95216	0	X 
12840	64627	93229	0	X 
12842	64639	11009	0	X 
12843	64640	91722	0	X 
12844	64641	262265	0	X 
12922	65286	25750	0	X 
13025	65661	55884	0	X 
13027	65662	55884	0	X 
13030	65667	89089	0	X 
13031	65730	65731	0	X 
13032	65731	262265	0	X 
13052	65923	93742	0	X 
13053	65931	93740	0	X 
13066	66067	55884	0	X 
13078	66073	55884	0	X 
13092	66080	55884	0	X 
13392	67270	262265	0	X 
13393	67271	262265	0	X 
13394	67272	262265	0	X 
13395	67273	262265	0	X 
13546	68808	96333	0	X 
13547	68809	96334	0	X 
13559	68833	55884	0	X 
13641	69251	55884	0	X 
13645	69648	55884	0	X 
13904	71076	55884	0	X 
13926	71259	101184	0	X 
14114	71970	122350	0	X 
14513	75525	105617	0	X 
14674	77950	107082	0	X 
14808	79320	111842	0	X 
14811	79329	128988	0	X 
14926	80822	116484	0	X 
14941	81175	104235	0	X 
14959	81400	124239	0	X 
14961	81402	124241	0	X 
14963	81404	124243	0	X 
15048	82467	120108	0	X 
15109	83097	104235	0	X 
15214	84105	55884	0	X 
15542	86026	104261	0	X 
15548	86057	104235	0	X 
15557	86143	133994	0	X 
16123	88370	127829	0	X 
16126	88375	127800	0	X 
16129	88377	127803	0	X 
16132	88379	127843	0	X 
16134	88381	127771	0	X 
16135	88382	127770	0	X 
16136	88384	128081	0	X 
16137	88385	128018	0	X 
16139	88387	127874	0	X 
16140	88388	127882	0	X 
16141	88398	104934	0	X 
16143	88417	128150	0	X 
16144	88487	128225	0	X 
16151	88531	11009	0	X 
16152	88532	118358	0	X 
16156	88577	127858	0	X 
16157	88578	128337	0	X 
16158	88579	128320	0	X 
16159	88580	128328	0	X 
16162	88583	128365	0	X 
16163	88584	128180	0	X 
16165	88586	128367	0	X 
16166	88587	128327	0	X 
16168	88589	128275	0	X 
16169	88590	128191	0	X 
16195	89112	129352	0	X 
16199	89125	143508	0	X 
16330	90173	55884	0	X 
16528	91806	133036	0	X 
16737	92798	55884	0	X 
16739	92799	55884	0	X 
16741	92800	55884	0	X 
16798	93146	143509	0	X 
16799	93147	143510	0	X 
16800	93148	143512	0	X 
16801	93149	143511	0	X 
16855	93385	55884	0	X 
16857	93386	55884	0	X 
16859	93403	136213	0	X 
16957	94025	55884	0	X 
17003	94190	55884	0	X 
17008	94207	143507	0	X 
17032	94290	55884	0	X 
17229	95497	140156	0	X 
17238	95567	140295	0	X 
17239	95568	140300	0	X 
17240	95589	140365	0	X 
17241	95590	140370	0	X 
17447	98095	143506	0	X 
17464	98134	142397	0	X 
17474	98546	142901	0	X 
17486	98715	134644	0	X 
17754	101677	150258	0	X 
17818	102278	146269	0	X 
17872	102457	146428	0	X 
18047	103641	147055	0	X 
18048	103642	147226	0	X 
18049	103643	147476	0	X 
18077	103982	147343	0	X 
18089	104009	147597	0	X 
18090	104010	148099	0	X 
18093	104012	148103	0	X 
18094	104013	148104	0	X 
18365	104326	55884	0	X 
18556	105705	148995	0	X 
18560	105710	149490	0	X 
18575	105916	149235	0	X 
18576	105928	149481	0	X 
18612	106950	150196	0	X 
18614	106952	150174	0	X 
18619	106981	150288	0	X 
19006	109152	156077	0	X 
19043	109258	156522	0	X 
19049	109558	156614	0	X 
19055	109578	156769	0	X 
19201	110560	171253	0	X 
19279	32617	55884	0	X 
19281	32616	55884	0	X 
19283	32622	55884	0	X 
19287	31760	55884	0	X 
19291	12529	55884	0	X 
19684	111660	55884	0	X 
19702	111812	161387	0	X 
19703	111813	161386	0	X 
19704	111814	161392	0	X 
19705	111815	161391	0	X 
19706	111816	161390	0	X 
19707	111817	161389	0	X 
19708	111818	161388	0	X 
19718	50287	71436	0	X 
19739	111921	161787	0	X 
19740	111922	161788	0	X 
19741	111923	161789	0	X 
19761	111957	162030	0	X 
19931	23007	55884	0	X 
19940	10696	12938	0	X 
19942	10697	12938	0	X 
19944	10698	12938	0	X 
19948	12185	17567	0	X 
19971	22589	28148	0	X 
19974	22630	28148	0	X 
19977	22631	28148	0	X 
19980	22632	28148	0	X 
20074	71085	101140	0	X 
20076	71086	101641	0	X 
20080	77949	107082	0	X 
20100	112271	162887	0	X 
20101	112272	162887	0	X 
20102	112273	162887	0	X 
20103	112274	162887	0	X 
20104	112275	162887	0	X 
20105	112276	162887	0	X 
20106	112277	162887	0	X 
20107	112278	162887	0	X 
20146	106829	149881	0	X 
20344	113130	162367	0	X 
20608	114052	168103	0	X 
20609	114053	168115	0	X 
20614	114057	168725	0	X 
20615	114058	168724	0	X 
20616	114059	168723	0	X 
20620	114063	168719	0	X 
20623	114066	168716	0	X 
20625	114068	168714	0	X 
20626	114069	168738	0	X 
20627	114070	168737	0	X 
20628	114071	168736	0	X 
20632	114075	168732	0	X 
20635	114078	168729	0	X 
20637	114080	168727	0	X 
20638	114081	168143	0	X 
20639	114082	168751	0	X 
20640	114083	168750	0	X 
20641	114084	168749	0	X 
20642	114085	168745	0	X 
20643	114086	168742	0	X 
20644	114087	168740	0	X 
20651	114094	168712	0	X 
20653	114096	168710	0	X 
20654	114097	168709	0	X 
20655	114098	168708	0	X 
20656	114099	168707	0	X 
20657	114100	168706	0	X 
20658	114101	168705	0	X 
20662	114105	168701	0	X 
20664	114108	168700	0	X 
20665	114109	168713	0	X 
20666	114110	168726	0	X 
20668	114112	168739	0	X 
20675	114124	168223	0	X 
20679	114128	168154	0	X 
20680	114129	168155	0	X 
20682	114131	168157	0	X 
20739	114616	168389	0	X 
20743	114620	168389	0	X 
20745	114622	168150	0	X 
20753	114745	168235	0	X 
20754	114746	168244	0	X 
20756	114806	168243	0	X 
20757	114807	168242	0	X 
20758	114808	168236	0	X 
20759	114822	168238	0	X 
20766	114834	55884	0	X 
20927	115356	169923	0	X 
20928	115357	169924	0	X 
20929	115358	169925	0	X 
20930	115359	169926	0	X 
20959	115504	170443	0	X 
20962	115506	170425	0	X 
20963	115510	170470	0	X 
21011	115793	226748	0	X 
21012	115795	226748	0	X 
21018	115981	170648	0	X 
21024	116067	170788	0	X 
21093	116114	170839	0	X 
21123	116154	170612	0	X 
21230	115503	171352	0	X 
21234	116374	162984	0	X 
21257	116416	171517	0	X 
21258	116417	171523	0	X 
21259	116418	171520	0	X 
21260	116419	171516	0	X 
21261	116420	171522	0	X 
21262	116421	171518	0	X 
21263	116422	171521	0	X 
21264	116423	171519	0	X 
21265	116424	171515	0	X 
21267	116429	171525	0	X 
21275	116442	171567	0	X 
21276	116443	171574	0	X 
21277	116444	171573	0	X 
21278	116445	171575	0	X 
21291	116656	55884	0	X 
21303	116662	55884	0	X 
21329	116675	55884	0	X 
21331	116676	55884	0	X 
21392	116769	55884	0	X 
21402	116774	55884	0	X 
21422	116784	55884	0	X 
21506	116925	172160	0	X 
21613	117398	172609	0	X 
21667	117492	172929	0	X 
21681	117566	173120	0	X 
21765	118109	168232	0	X 
21766	118110	170407	0	X 
21905	118354	174254	0	X 
21927	118428	174707	0	X 
22007	118474	174828	0	X 
22008	118475	174829	0	X 
22791	118514	174914	0	X 
23153	118518	55884	0	X 
23585	118427	175513	0	X 
23612	118697	175767	0	X 
23625	118727	175887	0	X 
23628	118728	175894	0	X 
23629	118729	175895	0	X 
23630	118730	175896	0	X 
23631	118731	175897	0	X 
23632	118732	175898	0	X 
23633	118736	175914	0	X 
23673	118921	55884	0	X 
23675	118922	176151	0	X 
23676	118923	55884	0	X 
23678	118935	176160	0	X 
23679	118936	176166	0	X 
23682	118937	176179	0	X 
23683	118938	176180	0	X 
23684	119001	176212	0	X 
23686	119003	176274	0	X 
23691	119039	176310	0	X 
23698	119083	176457	0	X 
23699	119092	176438	0	X 
23700	119093	176282	0	X 
23735	119134	176567	0	X 
23736	119139	176549	0	X 
23743	119144	176594	0	X 
23744	119145	176595	0	X 
23756	119151	176602	0	X 
24231	120236	178225	0	X 
24232	120227	178225	0	X 
24233	120237	178225	0	X 
24234	120251	178227	0	X 
24235	120242	178227	0	X 
24236	120252	178227	0	X 
24237	120221	178217	0	X 
24238	120212	178217	0	X 
24239	120222	178217	0	X 
24243	120233	178224	0	X 
24244	120230	178224	0	X 
24245	120240	178224	0	X 
24246	120248	178226	0	X 
24247	120245	178226	0	X 
24248	120255	178226	0	X 
24249	120218	178216	0	X 
24250	120215	178216	0	X 
24251	120225	178216	0	X 
24255	120216	178220	0	X 
24256	120220	178220	0	X 
24257	120226	178220	0	X 
24258	120231	178223	0	X 
24259	120235	178223	0	X 
24260	120241	178223	0	X 
24261	120246	178230	0	X 
24262	120250	178230	0	X 
24263	120256	178230	0	X 
24267	120214	178218	0	X 
24268	120219	178218	0	X 
24269	120224	178218	0	X 
24270	120229	178221	0	X 
24271	120234	178221	0	X 
24272	120239	178221	0	X 
24273	120244	178228	0	X 
24274	120249	178228	0	X 
24275	120254	178228	0	X 
24279	120213	178219	0	X 
24280	120217	178219	0	X 
24281	120223	178219	0	X 
24282	120228	178222	0	X 
24283	120232	178222	0	X 
24284	120238	178222	0	X 
24285	120243	178229	0	X 
24286	120247	178229	0	X 
24287	120253	178229	0	X 
24326	120301	178444	0	X 
24327	120302	178445	0	X 
24330	120311	178473	0	X 
24331	120313	168151	0	X 
24442	121729	201854	0	X 
24614	122272	180702	0	X 
24615	122273	180703	0	X 
24616	122274	180419	0	X 
24617	122275	180420	0	X 
24632	122338	180733	0	X 
24633	122339	180735	0	X 
24634	122340	180734	0	X 
24635	122341	180736	0	X 
24691	122451	175833	0	X 
24692	122452	175790	0	X 
24693	122453	156423	0	X 
24694	122454	156426	0	X 
24695	122455	156428	0	X 
24696	122456	156430	0	X 
24697	122457	181062	0	X 
24763	122535	181405	0	X 
24807	122576	181507	0	X 
24808	122580	181523	0	X 
24809	122582	181529	0	X 
24810	122583	181531	0	X 
24811	122584	181530	0	X 
24812	122590	181524	0	X 
24813	122591	181525	0	X 
24814	122592	181522	0	X 
24815	122593	181519	0	X 
24816	122594	181521	0	X 
24817	122595	181520	0	X 
24818	122596	181518	0	X 
24887	122637	181765	0	X 
24910	122661	181883	0	X 
24924	122677	181952	0	X 
25012	54465	55884	0	X 
25085	123931	483	0	X 
25095	123936	483	0	X 
25099	123938	483	0	X 
25101	123939	483	0	X 
25103	123940	483	0	X 
25105	123941	483	0	X 
25107	123942	483	0	X 
25109	123943	483	0	X 
25111	123944	483	0	X 
25113	123945	483	0	X 
25115	123946	483	0	X 
25117	123947	483	0	X 
25123	123950	483	0	X 
25309	124551	185209	0	X 
25310	124552	185210	0	X 
25311	124553	185212	0	X 
25315	124557	185216	0	X 
25542	19024	23506	0	X 
25551	127267	186230	0	X 
25554	127270	186233	0	X 
25596	127663	187002	0	X 
25683	127748	55884	0	X 
25687	127751	187534	0	X 
25694	127755	187567	0	X 
25695	124636	187615	0	X 
25696	124637	187613	0	X 
25697	124634	187614	0	X 
25698	124635	187611	0	X 
25699	124638	187612	0	X 
25712	127779	187901	0	X 
25713	127780	187902	0	X 
25716	127783	187905	0	X 
25717	127784	187906	0	X 
25725	127792	187913	0	X 
25726	127793	187914	0	X 
25729	127796	187917	0	X 
25730	127797	187918	0	X 
25732	127799	187908	0	X 
25738	127805	187921	0	X 
25739	127806	187922	0	X 
25742	127809	187925	0	X 
25743	127810	187926	0	X 
25751	127818	187929	0	X 
25752	127819	187930	0	X 
25755	127822	187933	0	X 
25756	127823	187934	0	X 
25764	127837	188019	0	X 
25780	127856	55884	0	X 
25855	127920	483	0	X 
25857	127921	483	0	X 
25859	127922	483	0	X 
25861	127923	483	0	X 
25863	127924	483	0	X 
25976	128021	205252	0	X 
25982	128026	205254	0	X 
26012	128225	188845	0	X 
26033	128307	168150	0	X 
26034	128308	168244	0	X 
26037	128310	189363	0	X 
26038	128311	55884	0	X 
26041	128313	189386	0	X 
26042	128314	189387	0	X 
26043	128315	189389	0	X 
26044	128316	189419	0	X 
26061	128354	55884	0	X 
26063	128373	189962	0	X 
26091	128422	55884	0	X 
26123	128477	55884	0	X 
26258	128596	483	0	X 
26260	128597	483	0	X 
26262	128598	483	0	X 
26274	128604	483	0	X 
26276	128605	483	0	X 
26278	128606	483	0	X 
26319	128632	191135	0	X 
26367	128690	55884	0	X 
26445	87768	55884	0	X 
26448	79802	55884	0	X 
26451	85429	55884	0	X 
26457	85430	55884	0	X 
26464	22780	55884	0	X 
26497	23083	55884	0	X 
26614	129093	192999	0	X 
26637	129165	193345	0	X 
26640	129178	55884	0	X 
26654	129205	55884	0	X 
26657	129208	55884	0	X 
26675	129277	55884	0	X 
26683	129284	193795	0	X 
26684	129285	193797	0	X 
26685	129286	193798	0	X 
26686	129287	193799	0	X 
26687	129288	193800	0	X 
26688	129289	193801	0	X 
26710	129319	202889	0	X 
26777	129759	196184	0	X 
26861	130102	195258	0	X 
26874	130169	195386	0	X 
26877	130152	228957	0	X 
26897	130209	195692	0	X 
26987	131717	196535	0	X 
26992	131751	228957	0	X 
26993	131753	228957	0	X 
26996	131763	228957	0	X 
26998	131734	55884	0	X 
27004	131795	228957	0	X 
27006	131802	228959	0	X 
27008	131808	228961	0	X 
27022	131933	196974	0	X 
27036	132172	197257	0	X 
27194	132467	483	0	X 
27196	132468	483	0	X 
27198	132469	483	0	X 
27250	132897	228959	0	X 
27255	132950	228957	0	X 
27269	32233	55884	0	X 
27390	133575	192002	0	X 
27418	133671	483	0	X 
27420	133672	483	0	X 
27422	133673	483	0	X 
27424	133674	483	0	X 
27429	131744	201712	0	X 
27462	133703	201806	0	X 
27463	133704	201807	0	X 
27464	133705	201808	0	X 
27466	133707	201810	0	X 
27467	133708	201811	0	X 
27470	133711	201814	0	X 
27471	133712	201815	0	X 
27472	133713	201816	0	X 
27474	133715	201818	0	X 
27475	133716	201819	0	X 
27476	133717	201820	0	X 
27478	133719	201821	0	X 
27479	133720	201822	0	X 
27482	133723	201824	0	X 
27483	133724	201825	0	X 
27515	133810	483	0	X 
27517	133812	483	0	X 
27519	133813	483	0	X 
27521	133814	483	0	X 
27529	133818	483	0	X 
27545	133826	483	0	X 
27549	133828	483	0	X 
27676	132523	200061	0	X 
27688	132963	202847	0	X 
27721	133997	203533	0	X 
27722	133998	203534	0	X 
27742	134021	203711	0	X 
27762	131732	204695	0	X 
28037	136342	207520	0	X 
28072	136356	207586	0	X 
28074	136360	207600	0	X 
28105	136412	208142	0	X 
28165	136655	209203	0	X 
28166	136656	209204	0	X 
28167	136657	209205	0	X 
28168	136658	209206	0	X 
28170	136660	209208	0	X 
28171	136661	209209	0	X 
28172	136662	209210	0	X 
28173	136663	209211	0	X 
28174	136664	209212	0	X 
28373	136922	55884	0	X 
28695	137207	211996	0	X 
28696	137208	211997	0	X 
28697	137209	212000	0	X 
28777	137573	55884	0	X 
28785	137577	55884	0	X 
28787	137578	55884	0	X 
28789	137579	55884	0	X 
28791	137580	55884	0	X 
28801	137582	209122	0	X 
28808	137605	483	0	X 
28810	137606	483	0	X 
29185	137660	200652	0	X 
29191	137661	209202	0	X 
29292	137711	483	0	X 
29308	137719	483	0	X 
29312	137721	483	0	X 
29314	137722	483	0	X 
29316	137723	483	0	X 
29318	137724	483	0	X 
29404	137767	483	0	X 
29406	137768	483	0	X 
29408	137769	483	0	X 
29410	137770	483	0	X 
29412	137771	483	0	X 
29414	137772	483	0	X 
29436	137783	483	0	X 
29546	137838	483	0	X 
29550	137840	483	0	X 
29554	137842	483	0	X 
29556	137843	483	0	X 
29600	137865	483	0	X 
29602	137866	483	0	X 
29626	137878	483	0	X 
29628	137879	483	0	X 
29630	137880	483	0	X 
29658	137894	483	0	X 
29686	137908	483	0	X 
29688	137909	483	0	X 
29698	137914	483	0	X 
29722	137926	483	0	X 
29792	137961	483	0	X 
29796	137963	483	0	X 
29798	137964	483	0	X 
29820	137975	483	0	X 
29894	138012	483	0	X 
29896	138013	483	0	X 
29898	138014	483	0	X 
29940	133646	214198	0	X 
29941	133647	214203	0	X 
29944	138135	214263	0	X 
29947	137338	214366	0	X 
29984	137344	214423	0	X 
29991	137400	214577	0	X 
29993	137440	214584	0	X 
29997	138201	55884	0	X 
30004	137539	214962	0	X 
30005	137369	214971	0	X 
30006	137486	214980	0	X 
30038	137462	215206	0	X 
30060	137378	215296	0	X 
30065	137433	215467	0	X 
30076	137541	215648	0	X 
30077	137537	215658	0	X 
30079	137329	215670	0	X 
30080	138393	215751	0	X 
30090	138413	215915	0	X 
30091	138414	215916	0	X 
30093	137538	215936	0	X 
30094	138416	215957	0	X 
30095	133642	215956	0	X 
30376	138732	216876	0	X 
30384	138781	217045	0	X 
30385	138782	217055	0	X 
30386	138783	228956	0	X 
30387	138784	229746	0	X 
30388	138785	217024	0	X 
30389	138786	227907	0	X 
30418	138812	217299	0	X 
30419	138813	217301	0	X 
30420	138814	217300	0	X 
30422	138816	217355	0	X 
30434	138839	228960	0	X 
30436	138864	217511	0	X 
30437	138865	217512	0	X 
30443	138873	217597	0	X 
30445	138876	217613	0	X 
30448	138878	217668	0	X 
30450	138880	217670	0	X 
30451	138881	217671	0	X 
30456	138885	232832	0	X 
30457	138886	217689	0	X 
30506	139020	219527	0	X 
30597	139413	229747	0	X 
30600	139419	220181	0	X 
30609	139428	220195	0	X 
30641	139500	220485	0	X 
30648	139506	229776	0	X 
30651	139507	228109	0	X 
30652	139508	228112	0	X 
30653	139509	228111	0	X 
30654	139510	220549	0	X 
30655	139511	228107	0	X 
30656	139512	228106	0	X 
30662	139536	220584	0	X 
30686	139566	220701	0	X 
30698	139578	220731	0	X 
30708	139591	220784	0	X 
30711	139593	220971	0	X 
30722	139608	227941	0	X 
30723	139609	220548	0	X 
30724	139610	227943	0	X 
30725	139611	227945	0	X 
30726	139612	227947	0	X 
30727	139613	220550	0	X 
30728	139614	228422	0	X 
30729	139615	227948	0	X 
30730	139616	227949	0	X 
30731	139617	228423	0	X 
30802	139790	55884	0	X 
30804	139791	55884	0	X 
30806	139792	221914	0	X 
30809	139795	221917	0	X 
30813	139799	221922	0	X 
30815	139801	221924	0	X 
30816	139802	221925	0	X 
30818	139804	221927	0	X 
30822	139808	221915	0	X 
30823	139809	221916	0	X 
30825	139811	221918	0	X 
30826	139812	221919	0	X 
30827	139813	221920	0	X 
30828	139814	221921	0	X 
30830	139816	221923	0	X 
30833	139819	221926	0	X 
30835	139821	221928	0	X 
30836	139822	221929	0	X 
30837	139823	221930	0	X 
30838	139824	221931	0	X 
30839	139825	221932	0	X 
30840	139826	221933	0	X 
30841	139827	221934	0	X 
30842	139828	221935	0	X 
30843	139829	221936	0	X 
30844	139830	221937	0	X 
30845	139831	221938	0	X 
30846	139832	221939	0	X 
30847	139833	221940	0	X 
30848	139834	221941	0	X 
30849	139835	221942	0	X 
30850	139836	221943	0	X 
30851	139837	221944	0	X 
30852	139838	221945	0	X 
30853	139839	221946	0	X 
30854	139840	221947	0	X 
30855	139841	221948	0	X 
30856	139842	221949	0	X 
30857	139843	221950	0	X 
30858	139844	221951	0	X 
30859	139845	221952	0	X 
30860	139846	221953	0	X 
30861	139847	221954	0	X 
30862	139848	221955	0	X 
30863	139849	221956	0	X 
30864	139850	221957	0	X 
30865	139851	221958	0	X 
30866	139852	221959	0	X 
30867	139853	221960	0	X 
30868	139854	221961	0	X 
30869	139855	221962	0	X 
30870	139856	221963	0	X 
30871	139857	221964	0	X 
30872	139858	221965	0	X 
30873	139859	221966	0	X 
30874	139860	221968	0	X 
30875	139861	221969	0	X 
30876	139862	221970	0	X 
30877	139863	221971	0	X 
30878	139864	221972	0	X 
30879	139865	221973	0	X 
30880	139866	221974	0	X 
30881	139867	221975	0	X 
30882	139868	221976	0	X 
30883	139869	221977	0	X 
30884	139870	221978	0	X 
30885	139871	221979	0	X 
30886	139872	221981	0	X 
30887	139873	221982	0	X 
30888	139874	221983	0	X 
30889	139875	221984	0	X 
30890	139876	221985	0	X 
30891	139877	221986	0	X 
30892	139878	221987	0	X 
30954	140156	222578	0	X 
30958	140176	228067	0	X 
30960	140187	11007	0	X 
30961	140188	11007	0	X 
30962	140189	11007	0	X 
30963	140192	222695	0	X 
30982	140228	55884	0	X 
30999	140235	222929	0	X 
31000	140236	222942	0	X 
31001	140237	229780	0	X 
31002	140238	229779	0	X 
31003	140239	222945	0	X 
31004	140240	222947	0	X 
31005	140241	229779	0	X 
31006	140242	222950	0	X 
31007	140243	222929	0	X 
31008	140244	229780	0	X 
31009	140245	222945	0	X 
31010	140246	222942	0	X 
31011	140247	229780	0	X 
31012	140248	222942	0	X 
31013	140250	229780	0	X 
31014	140251	229786	0	X 
31015	140252	229779	0	X 
31017	140254	229786	0	X 
31018	140255	229858	0	X 
31022	140261	55884	0	X 
31030	140272	192001	0	X 
31051	140302	227229	0	X 
31052	140304	229789	0	X 
31053	140305	229790	0	X 
31054	140306	229791	0	X 
31055	140307	229792	0	X 
31058	140310	228955	0	X 
31060	140316	55884	0	X 
31063	140320	55884	0	X 
31065	140322	220547	0	X 
31088	140349	229778	0	X 
31099	140372	228962	0	X 
31100	140381	228962	0	X 
31101	140384	228963	0	X 
31102	140386	228962	0	X 
31103	140388	228962	0	X 
31107	140396	228962	0	X 
31121	140409	229793	0	X 
31122	140410	229794	0	X 
31123	140421	229799	0	X 
31124	140422	229798	0	X 
31126	140444	229805	0	X 
31127	140445	229804	0	X 
31143	140517	229781	0	X 
31153	140571	223959	0	X 
31154	140572	223960	0	X 
31155	140573	223961	0	X 
31157	140581	223978	0	X 
31158	140582	223979	0	X 
31159	140583	223980	0	X 
31163	140587	224001	0	X 
31237	137439	215127	0	X 
31243	140685	228961	0	X 
31258	140749	224678	0	X 
31264	140760	224791	0	X 
31303	140847	229779	0	X 
31306	140922	225167	0	X 
31307	140923	225173	0	X 
31308	140924	225179	0	X 
31309	140925	225181	0	X 
31310	140926	225182	0	X 
31311	140927	225183	0	X 
31312	140928	225185	0	X 
31313	140929	225186	0	X 
31314	140930	225187	0	X 
31315	140931	225188	0	X 
31316	140932	225189	0	X 
31317	140933	225190	0	X 
31370	141023	228964	0	X 
31371	141024	228921	0	X 
31372	141028	225517	0	X 
31452	141071	225567	0	X 
31453	72045	55884	0	X 
31456	72042	55884	0	X 
31472	141208	227229	0	X 
31494	141310	225897	0	X 
31499	141313	229782	0	X 
31500	141314	229782	0	X 
31528	141348	55884	0	X 
31531	140362	227196	0	X 
31542	140364	229783	0	X 
31543	140365	229783	0	X 
31544	140366	229783	0	X 
31545	140367	229783	0	X 
31546	140368	229783	0	X 
31547	140369	229784	0	X 
31548	140370	229784	0	X 
31549	140371	229784	0	X 
31550	140373	229784	0	X 
31551	140374	229784	0	X 
31552	140376	227187	0	X 
31553	140377	229783	0	X 
31554	140379	229783	0	X 
31555	140380	229783	0	X 
31556	140382	229783	0	X 
31557	140383	229783	0	X 
31558	140385	229783	0	X 
31559	140387	229784	0	X 
31560	140389	229784	0	X 
31561	140391	229784	0	X 
31562	140392	229784	0	X 
31563	140393	229784	0	X 
31564	140375	227190	0	X 
31565	140458	227198	0	X 
31566	140459	229783	0	X 
31567	140460	229783	0	X 
31568	140461	229783	0	X 
31569	140462	229783	0	X 
31570	140463	229783	0	X 
31571	140465	227183	0	X 
31572	140466	229783	0	X 
31573	140467	229783	0	X 
31574	140468	229783	0	X 
31575	140469	229783	0	X 
31576	140470	229783	0	X 
31577	140471	229784	0	X 
31579	140179	227188	0	X 
31580	140473	229783	0	X 
31581	140474	229783	0	X 
31582	140475	229783	0	X 
31583	140477	229783	0	X 
31584	140476	229783	0	X 
31585	140478	229784	0	X 
31586	140479	229784	0	X 
31587	140480	229784	0	X 
31588	140481	229784	0	X 
31589	140482	229784	0	X 
31590	140483	227191	0	X 
31591	140484	229783	0	X 
31592	140485	229783	0	X 
31593	140486	229783	0	X 
31594	140487	229783	0	X 
31595	140488	229783	0	X 
31596	140489	229784	0	X 
31597	140490	229784	0	X 
31598	140491	229784	0	X 
31599	140492	229784	0	X 
31600	140494	229784	0	X 
31601	140356	227186	0	X 
31602	140497	229783	0	X 
31603	140498	229784	0	X 
31604	140499	227197	0	X 
31605	140501	227192	0	X 
31606	140502	227193	0	X 
31607	140503	229783	0	X 
31608	140504	229783	0	X 
31609	140505	229783	0	X 
31610	140507	229783	0	X 
31611	140508	229783	0	X 
31612	140509	229784	0	X 
31613	140510	229784	0	X 
31614	140511	229784	0	X 
31615	140512	229784	0	X 
31616	140513	229784	0	X 
31617	140514	227194	0	X 
31618	140515	229783	0	X 
31619	140516	229783	0	X 
31620	140518	229783	0	X 
31621	140519	229783	0	X 
31622	140520	229783	0	X 
31623	140521	229784	0	X 
31624	140522	229784	0	X 
31625	140523	229784	0	X 
31626	140524	229784	0	X 
31627	140525	229784	0	X 
31628	140528	229784	0	X 
31629	140529	229784	0	X 
31630	140530	229784	0	X 
31631	140531	229784	0	X 
31632	140532	229784	0	X 
31633	140526	227189	0	X 
31635	140360	227184	0	X 
31636	140361	229784	0	X 
31637	140357	229784	0	X 
31638	140358	229784	0	X 
31639	140359	229784	0	X 
31640	138487	229783	0	X 
31641	138480	229783	0	X 
31644	141383	229746	0	X 
31645	141384	229746	0	X 
31646	141385	229746	0	X 
31647	141386	229746	0	X 
31648	141387	229746	0	X 
31649	141388	229746	0	X 
31650	141389	229746	0	X 
31651	141390	229746	0	X 
31652	141391	229746	0	X 
31653	141392	229746	0	X 
31654	141393	229746	0	X 
31655	141394	229746	0	X 
31656	141395	229746	0	X 
31657	141396	229746	0	X 
31658	141397	229746	0	X 
31659	141398	229746	0	X 
31660	141399	229746	0	X 
31661	141400	229746	0	X 
31662	141401	229746	0	X 
31663	141402	229746	0	X 
31664	141403	229746	0	X 
31665	141404	229746	0	X 
31666	141405	229746	0	X 
31691	139946	47524	0	X 
31692	139909	47524	0	X 
31693	140005	47524	0	X 
31694	121745	47524	0	X 
31757	141605	253937	0	X 
31815	141638	227531	0	X 
31816	141639	227535	0	X 
31836	141667	229785	0	X 
31837	141668	229779	0	X 
31838	141669	229787	0	X 
31839	141670	229779	0	X 
31840	141671	229779	0	X 
31841	141672	229779	0	X 
31842	141673	229780	0	X 
31843	141674	229779	0	X 
31844	141675	229779	0	X 
31845	141676	229794	0	X 
31846	141677	229785	0	X 
31847	141678	229795	0	X 
31848	141679	229785	0	X 
31849	141680	229796	0	X 
31850	141681	229859	0	X 
31851	141682	229803	0	X 
31852	141683	229803	0	X 
31853	141684	229804	0	X 
31854	141685	229806	0	X 
31857	141689	227905	0	X 
31858	141690	227904	0	X 
31864	141701	228069	0	X 
31866	141702	227942	0	X 
31867	141703	227946	0	X 
31868	141704	228108	0	X 
31869	141705	228110	0	X 
31870	141706	227889	0	X 
31871	141707	227944	0	X 
31872	141708	227886	0	X 
31873	141709	220553	0	X 
31874	141710	220551	0	X 
31875	141711	227950	0	X 
31895	141849	483	0	X 
31897	141850	483	0	X 
31899	141852	228078	0	X 
31900	141853	228079	0	X 
31901	141854	228080	0	X 
31902	141855	228130	0	X 
31903	141856	228131	0	X 
31907	141857	233030	0	X 
31908	141858	233031	0	X 
31909	141859	228135	0	X 
31915	141863	229807	0	X 
31920	141872	228220	0	X 
31922	141876	228961	0	X 
31923	141877	228962	0	X 
31925	141879	228290	0	X 
31926	141883	228310	0	X 
31928	141886	228310	0	X 
31929	141887	228310	0	X 
31930	141888	228310	0	X 
31931	141889	228352	0	X 
31932	141890	228310	0	X 
31933	141891	228959	0	X 
31934	141892	228957	0	X 
31941	141896	228959	0	X 
31967	141921	228436	0	X 
31968	141922	228437	0	X 
31969	141923	228438	0	X 
31970	141924	228439	0	X 
31971	141925	228440	0	X 
31972	141926	228442	0	X 
31973	141927	228443	0	X 
31974	141928	228439	0	X 
31975	141929	228437	0	X 
31976	141930	228422	0	X 
31977	141931	228442	0	X 
31978	141932	228444	0	X 
31980	134526	228461	0	X 
31984	141933	229779	0	X 
31985	141934	229857	0	X 
31986	141935	229779	0	X 
31987	141936	229780	0	X 
31988	141937	229786	0	X 
31989	141938	228468	0	X 
31990	141939	228467	0	X 
31991	141940	229779	0	X 
31992	141941	229780	0	X 
31993	141942	229780	0	X 
31994	141943	229779	0	X 
31995	141944	229779	0	X 
31996	141945	229779	0	X 
31997	141946	229779	0	X 
31998	141947	229779	0	X 
31999	141948	229779	0	X 
32000	141949	229779	0	X 
32001	141950	229785	0	X 
32002	141951	229788	0	X 
32003	141952	229788	0	X 
32004	141953	229794	0	X 
32005	141954	229795	0	X 
32006	141955	229796	0	X 
32007	141956	227942	0	X 
32029	142001	228647	0	X 
32030	142002	228647	0	X 
32031	142003	228647	0	X 
32032	142004	228647	0	X 
32033	142005	228647	0	X 
32034	142006	228647	0	X 
32035	142007	228647	0	X 
32071	142054	229778	0	X 
32124	142100	55884	0	X 
32213	142273	229863	0	X 
32216	142279	483	0	X 
32218	142282	483	0	X 
32220	142283	483	0	X 
32222	142284	483	0	X 
32224	142286	483	0	X 
32226	142287	483	0	X 
32258	142346	483	0	X 
32269	142357	483	0	X 
32290	142383	483	0	X 
32313	142436	55884	0	X 
32325	142447	231015	0	X 
32328	142449	231035	0	X 
32329	142450	231035	0	X 
32330	142451	231035	0	X 
32332	142453	231047	0	X 
32333	142454	231048	0	X 
32334	142455	231047	0	X 
32347	142469	231054	0	X 
32369	142494	231129	0	X 
32370	142495	231144	0	X 
32371	142496	231143	0	X 
32372	142497	231142	0	X 
32385	142533	231337	0	X 
32386	142534	231337	0	X 
32387	142535	231362	0	X 
32388	142536	231375	0	X 
32408	142555	233242	0	X 
32486	143333	231512	0	X 
32492	143486	231538	0	X 
32493	143487	233211	0	X 
32494	143488	231544	0	X 
32505	143498	231556	0	X 
32506	143499	231581	0	X 
32520	143506	231638	0	X 
32524	143510	231674	0	X 
32528	143514	231678	0	X 
32532	143518	231683	0	X 
32536	143533	231647	0	X 
32539	143536	233244	0	X 
32540	143538	233245	0	X 
32541	143540	233209	0	X 
32544	143542	231784	0	X 
32549	143559	231932	0	X 
32581	143605	232195	0	X 
32696	143677	232755	0	X 
32697	143679	55884	0	X 
32699	143680	232890	0	X 
32709	143713	232994	0	X 
32710	143714	232995	0	X 
32711	143715	232996	0	X 
32712	143716	232997	0	X 
32726	143727	233069	0	X 
32735	143738	231453	0	X 
32736	143739	231512	0	X 
32737	143740	231538	0	X 
32738	143741	231538	0	X 
32739	143742	231538	0	X 
32740	143743	231581	0	X 
32741	143744	231581	0	X 
32742	143745	231669	0	X 
32743	143746	231709	0	X 
32744	143747	231727	0	X 
32747	143749	233243	0	X 
32754	143753	233325	0	X 
32761	143757	233348	0	X 
32790	143785	227041	0	X 
32806	143844	233816	0	X 
32809	143852	233893	0	X 
32815	143868	234045	0	X 
32816	143869	234047	0	X 
32817	143870	234048	0	X 
32818	143871	234049	0	X 
32878	144073	234647	0	X 
32879	144076	234647	0	X 
32880	144075	234647	0	X 
32881	144074	234647	0	X 
32916	144249	235169	0	X 
32924	144266	235245	0	X 
32925	144267	235246	0	X 
32926	144268	235247	0	X 
32927	144269	235248	0	X 
32928	144270	235256	0	X 
32929	144271	235257	0	X 
32930	144272	235266	0	X 
32951	144297	227907	0	X 
32982	144259	235991	0	X 
32985	144328	235731	0	X 
33015	144258	235966	0	X 
33077	144730	170397	0	X 
33078	144731	170397	0	X 
33081	144736	170397	0	X 
33082	144737	170397	0	X 
33085	144742	170397	0	X 
33086	144743	170397	0	X 
33089	144976	170397	0	X 
33090	144977	170397	0	X 
33093	144982	170397	0	X 
33094	144983	170397	0	X 
33097	144988	170397	0	X 
33098	144989	170397	0	X 
33101	145222	170397	0	X 
33102	145223	170397	0	X 
33105	145228	170397	0	X 
33106	145229	170397	0	X 
33109	145234	170397	0	X 
33110	145235	170397	0	X 
33145	145572	170397	0	X 
33146	145573	170397	0	X 
33149	145578	170397	0	X 
33150	145579	170397	0	X 
33153	145584	170397	0	X 
33154	145585	170397	0	X 
33157	145818	170397	0	X 
33158	145819	170397	0	X 
33161	145824	170397	0	X 
33162	145825	170397	0	X 
33165	145830	170397	0	X 
33166	145831	170397	0	X 
33169	146064	170397	0	X 
33170	146065	170397	0	X 
33173	146070	170397	0	X 
33174	146071	170397	0	X 
33177	146076	170397	0	X 
33178	146077	170397	0	X 
33186	146122	237344	0	X 
33187	146123	237345	0	X 
33188	146124	239096	0	X 
33189	146125	239097	0	X 
33190	146126	239094	0	X 
33191	146127	239095	0	X 
33192	146128	220548	0	X 
33193	146129	239098	0	X 
33365	146309	238029	0	X 
33366	146313	238030	0	X 
33367	146314	238031	0	X 
33368	146315	238032	0	X 
33369	146316	238033	0	X 
33371	146318	238029	0	X 
33372	146319	238030	0	X 
33373	146320	238031	0	X 
33374	146321	238032	0	X 
33375	146322	238033	0	X 
33376	146323	238029	0	X 
33377	146324	238030	0	X 
33378	146325	238031	0	X 
33379	146326	238032	0	X 
33380	146327	238033	0	X 
33382	146329	238252	0	X 
33873	144482	238534	0	X 
34141	146716	239242	0	X 
34142	146717	239242	0	X 
34143	146718	239242	0	X 
34144	146719	239242	0	X 
34145	146720	239242	0	X 
34146	146721	239242	0	X 
34147	146722	239242	0	X 
34148	146723	239242	0	X 
34149	146724	239242	0	X 
34150	146725	239242	0	X 
34151	146726	239242	0	X 
34152	146727	239242	0	X 
34208	146935	240032	0	X 
34209	146936	240033	0	X 
34210	146937	240034	0	X 
34211	146938	240035	0	X 
34212	146939	240036	0	X 
34213	146940	240037	0	X 
34214	146941	240032	0	X 
34215	146942	240033	0	X 
34216	146943	240034	0	X 
34217	146944	240035	0	X 
34218	146945	240036	0	X 
34219	146946	240037	0	X 
34220	146949	240039	0	X 
34221	146950	240039	0	X 
34271	147198	240331	0	X 
34272	147199	240332	0	X 
34273	147200	240333	0	X 
34274	147201	240335	0	X 
34275	147202	240337	0	X 
34276	147203	240339	0	X 
34299	147293	240483	0	X 
34300	147294	240487	0	X 
34301	147295	240508	0	X 
34302	147296	240509	0	X 
34303	147297	240511	0	X 
34304	147298	240485	0	X 
34305	147299	240510	0	X 
34306	147300	240512	0	X 
34307	147301	240513	0	X 
34308	147302	240514	0	X 
34309	147303	240515	0	X 
34310	147304	240516	0	X 
34311	147305	240518	0	X 
34337	147348	240855	0	X 
34338	147349	240857	0	X 
34339	147350	240858	0	X 
34340	147351	240860	0	X 
34355	147398	241156	0	X 
34356	147399	241157	0	X 
34357	147400	241158	0	X 
34358	147401	241159	0	X 
34359	147402	241160	0	X 
34360	147403	241161	0	X 
34361	147404	241162	0	X 
34362	147405	241163	0	X 
34363	147406	241164	0	X 
34364	147407	241165	0	X 
34365	147408	241166	0	X 
34366	147409	241167	0	X 
34367	147410	241222	0	X 
34368	147411	241223	0	X 
34369	147412	241224	0	X 
34370	147413	241225	0	X 
34371	147414	241226	0	X 
34372	147415	241221	0	X 
34381	147441	241471	0	X 
34382	147442	241471	0	X 
34384	147444	241476	0	X 
34399	147456	228444	0	X 
34400	147457	241752	0	X 
34401	147458	241752	0	X 
34402	147459	228444	0	X 
34403	147460	228444	0	X 
34404	147461	241752	0	X 
34405	147462	241752	0	X 
34406	147463	228444	0	X 
34407	147464	241752	0	X 
34408	147465	228444	0	X 
34409	147466	228444	0	X 
34410	147467	241752	0	X 
34411	147468	228444	0	X 
34412	147469	241752	0	X 
34413	147470	228444	0	X 
34414	147471	241752	0	X 
34415	147472	228444	0	X 
34416	147473	241752	0	X 
34417	147474	228444	0	X 
34418	147475	241752	0	X 
34419	147476	228444	0	X 
34420	147477	241752	0	X 
34421	147478	228444	0	X 
34422	147479	228444	0	X 
34423	147480	228444	0	X 
34424	147481	241752	0	X 
34425	147482	241753	0	X 
34426	147483	241753	0	X 
34427	147484	228422	0	X 
34428	147485	228112	0	X 
34429	147486	228111	0	X 
34452	147548	242116	0	X 
34453	147549	242117	0	X 
34454	147550	242118	0	X 
34455	147551	242119	0	X 
34456	147552	221926	0	X 
34457	147553	242121	0	X 
34458	147554	242122	0	X 
34459	147555	242123	0	X 
34460	147556	242124	0	X 
34461	147557	242125	0	X 
34462	147558	242126	0	X 
34463	147559	242128	0	X 
34464	147560	242131	0	X 
34465	147561	242132	0	X 
34466	147563	242133	0	X 
34467	147564	242134	0	X 
34468	147565	242135	0	X 
34469	147566	242136	0	X 
34470	147567	242137	0	X 
34471	147568	242138	0	X 
34472	147569	242139	0	X 
34473	147570	242140	0	X 
34474	147571	242141	0	X 
34475	147572	242142	0	X 
34477	147579	217024	0	X 
34480	147581	228078	0	X 
34571	147718	242564	0	X 
34572	147719	242572	0	X 
34573	147720	242573	0	X 
34574	147721	242575	0	X 
34580	147727	242603	0	X 
34636	147808	242890	0	X 
34637	147809	242887	0	X 
34638	147810	242886	0	X 
34639	147811	242891	0	X 
34640	147812	242884	0	X 
34641	147814	242893	0	X 
34642	147818	242911	0	X 
34643	147819	242912	0	X 
34649	147838	239560	0	X 
34656	146902	243133	0	X 
34660	147842	228647	0	X 
34678	146663	227941	0	X 
34680	146662	227941	0	X 
34681	146664	227941	0	X 
34682	146671	227941	0	X 
34716	148105	170397	0	X 
34717	148106	170397	0	X 
34720	148111	170397	0	X 
34721	148112	170397	0	X 
34724	148117	170397	0	X 
34725	148118	170397	0	X 
34728	148351	170397	0	X 
34729	148352	170397	0	X 
34732	148357	170397	0	X 
34733	148358	170397	0	X 
34736	148363	170397	0	X 
34737	148364	170397	0	X 
34741	148598	170397	0	X 
34742	148599	170397	0	X 
34745	148604	170397	0	X 
34746	148605	170397	0	X 
34749	148610	170397	0	X 
34750	148611	170397	0	X 
34753	148844	170397	0	X 
34754	148845	170397	0	X 
34757	148850	170397	0	X 
34758	148851	170397	0	X 
34761	148856	170397	0	X 
34762	148857	170397	0	X 
34765	149090	170397	0	X 
34766	149091	170397	0	X 
34769	149096	170397	0	X 
34770	149097	170397	0	X 
34773	149102	170397	0	X 
34774	149103	170397	0	X 
34777	149336	170397	0	X 
34778	149337	170397	0	X 
34781	149342	170397	0	X 
34782	149343	170397	0	X 
34785	149348	170397	0	X 
34786	149349	170397	0	X 
34891	149702	170397	0	X 
34892	149703	170397	0	X 
34895	149708	170397	0	X 
34896	149709	170397	0	X 
34899	149714	170397	0	X 
34900	149715	170397	0	X 
34904	149952	170397	0	X 
34905	149953	170397	0	X 
34908	149958	170397	0	X 
34909	149959	170397	0	X 
34912	149964	170397	0	X 
34913	149965	170397	0	X 
34916	150198	170397	0	X 
34917	150199	170397	0	X 
34920	150204	170397	0	X 
34921	150205	170397	0	X 
34924	150210	170397	0	X 
34925	150211	170397	0	X 
35033	150931	244814	0	X 
35142	151240	255188	0	X 
35143	151241	255182	0	X 
35144	151242	255184	0	X 
35145	151243	255181	0	X 
35146	151244	255180	0	X 
35147	151245	255177	0	X 
35148	151246	255179	0	X 
35149	151247	246167	0	X 
35174	151347	246394	0	X 
35220	151493	246822	0	X 
35241	151556	247040	0	X 
35245	151561	247075	0	X 
35275	151619	247316	0	X 
35276	151620	247319	0	X 
35295	151638	247515	0	X 
35345	151658	483	0	X 
35350	151692	247627	0	X 
35351	151693	247628	0	X 
35352	151694	247629	0	X 
35353	151695	247630	0	X 
35354	151696	247631	0	X 
35355	151697	247631	0	X 
35356	151698	247631	0	X 
35357	151699	247633	0	X 
35358	151700	247634	0	X 
35363	151704	483	0	X 
35458	151789	248047	0	X 
35495	151830	247427	0	X 
35501	151841	248384	0	X 
35502	151842	248385	0	X 
35503	151843	248386	0	X 
35504	151844	248387	0	X 
35520	151912	248779	0	X 
35522	151914	248841	0	X 
35523	151915	248842	0	X 
35524	151916	248843	0	X 
35525	151917	248844	0	X 
35526	151918	248845	0	X 
35527	151919	248846	0	X 
35528	151920	248847	0	X 
35569	151921	248848	0	X 
35570	151922	248849	0	X 
35622	152095	248970	0	X 
35623	152096	248972	0	X 
35624	152097	248974	0	X 
35625	152102	249084	0	X 
35626	152103	249085	0	X 
35627	152104	249086	0	X 
35628	152105	249087	0	X 
35629	152106	249088	0	X 
35630	152107	249090	0	X 
35631	152108	249091	0	X 
35667	152241	251451	0	X 
35668	152242	251449	0	X 
35669	152243	251453	0	X 
35670	152244	251454	0	X 
35721	152296	249954	0	X 
35732	152430	253902	0	X 
35733	152431	253902	0	X 
35734	152432	253902	0	X 
35735	152433	253902	0	X 
35736	152434	253902	0	X 
35737	152435	253902	0	X 
35739	152437	250401	0	X 
35740	152438	250402	0	X 
35741	152439	250403	0	X 
35742	152440	250405	0	X 
35743	152441	250406	0	X 
35744	152442	250407	0	X 
35745	152443	250408	0	X 
35746	152444	250409	0	X 
35747	152445	250410	0	X 
35748	152446	250413	0	X 
35749	152447	250414	0	X 
35750	152448	250415	0	X 
35751	152449	250416	0	X 
35752	152450	250417	0	X 
35753	152451	250418	0	X 
35754	152452	250419	0	X 
35755	152453	250420	0	X 
35756	152454	250421	0	X 
35757	152098	250436	0	X 
35771	151312	250765	0	X 
35774	151340	250768	0	X 
35780	151307	250966	0	X 
35790	152504	251039	0	X 
35890	152651	254387	0	X 
35892	152653	254387	0	X 
35893	152654	252078	0	X 
35909	152700	255167	0	X 
35910	152706	255161	0	X 
35911	152707	255165	0	X 
35912	152708	227942	0	X 
35913	152709	255162	0	X 
35914	152710	255163	0	X 
35915	152711	255166	0	X 
35916	152712	255168	0	X 
35917	152713	255169	0	X 
35928	152733	252882	0	X 
35932	152737	254628	0	X 
35935	152740	252892	0	X 
36017	152901	55884	0	X 
36035	152922	253747	0	X 
36036	152923	253748	0	X 
36040	152937	253833	0	X 
36041	152938	253833	0	X 
36042	152939	253834	0	X 
36043	152930	253838	0	X 
36044	152927	253837	0	X 
36045	152928	253839	0	X 
36046	152929	253840	0	X 
36047	152931	253841	0	X 
36048	152932	253842	0	X 
36049	152935	253843	0	X 
36050	152933	253844	0	X 
36051	152934	253845	0	X 
36052	152936	253846	0	X 
36054	152954	253895	0	X 
36055	152955	253897	0	X 
36056	152956	253897	0	X 
36057	152957	253896	0	X 
36058	152958	253896	0	X 
36059	152959	253894	0	X 
36060	152960	253894	0	X 
36061	152961	253895	0	X 
36062	152962	253931	0	X 
36099	152984	254000	0	X 
36107	153001	237345	0	X 
36110	153005	254483	0	X 
36112	153007	255178	0	X 
36113	153008	246165	0	X 
36114	153009	255176	0	X 
36122	153026	55884	0	X 
36149	153046	255171	0	X 
36150	153047	255172	0	X 
36151	153048	255170	0	X 
36153	153052	255173	0	X 
36173	153069	254174	0	X 
36174	153071	254174	0	X 
36188	153130	254409	0	X 
36215	153159	255187	0	X 
36216	153160	255186	0	X 
36217	153161	255188	0	X 
36218	153162	255187	0	X 
36219	153163	255186	0	X 
36220	153164	255188	0	X 
36221	153165	255183	0	X 
36241	153198	254610	0	X 
36242	153199	254609	0	X 
36243	153200	254603	0	X 
36244	153201	254608	0	X 
36248	153204	254533	0	X 
36249	153217	254656	0	X 
36250	153218	255185	0	X 
36251	153219	254670	0	X 
36252	153220	254658	0	X 
36253	153221	254659	0	X 
36254	153222	254661	0	X 
36255	153223	254660	0	X 
36256	153224	254662	0	X 
36257	153225	254663	0	X 
36258	153226	254667	0	X 
36259	153246	254699	0	X 
36268	153259	255175	0	X 
36270	153266	255175	0	X 
36271	153278	255175	0	X 
36538	154879	257327	0	X 
36599	82984	121717	0	X 
36601	88371	127721	0	X 
36603	88376	127819	0	X 
36661	155656	55884	0	X 
36663	155657	255184	0	X 
36665	155662	55884	0	X 
36711	44998	55884	0	X 
36714	45022	55884	0	X 
36760	156486	55884	0	X 
36762	156487	55884	0	X 
36919	156630	254483	0	X 
74485	157022	262222	0	X 
74486	157028	262258	0	X 
89541	157822	263148	0	X 
89542	157823	263149	0	X 
89543	157824	263150	0	X 
89544	157825	263151	0	X 
89545	157826	263152	0	X 
89546	157827	263153	0	X 
89547	157828	263154	0	X 
89548	157829	263155	0	X 
89549	157830	263156	0	X 
89550	157831	263157	0	X 
